14 97 9 72 94 74 82 89 54 25 5 53 90 92 75 48 21 46 8 18 20
30 7 83 35 57 41 62 70 38 28 86 5 1 58 15 46 29 85 19 8 88 2
38 57
45 97 13 49 86
97 35 83 12 34 5 19 26 93 78 88 45 57 29 24 65 37 55 73 28 9 39 77
40 19 28 57 83 74 31 92 38 76 82 10 16 35 22 81 3 70 79
30 59 43 15 3 36 6 91 13 40 71 57 90 25 82 14 49 76 41 94 96 75 86
26 49
74 60 28 25 26 30
15 34 35 98 48 22
3 40 63 82 65 11 46 32 68
65 15 29 58 37 49 21 38
42 7 53 55 23 85 29 71 56 58 24 59
66 58 19 76 2 90 69 81 36 27 31
7 57 92
61 53 44 82 3 71 14 17 4 38 81 52 66 62 11
88 93 77 21 73 10 50 62 97 81 96 1
67 53 93 66 57 76 28 54 4 64 73 38 89 63 41 98 10 48 39 77 82 15 22
63 24 34 59 91 18 42 49 5
84 2 10 20 40 36 19 42 38 58 5 12 59 96 70 79
7 73 2 58 65 99 51 33 57 31 95 60 22 41 12 10 84 46 43 19 6 91 39 90 61 26 11 82 44 29 42 25 85 35 55 23 15 92 50 5 83 38 69 16 71 75 76 97 24
63 56 33 49 58 20 67 4 86 30 1 90 13 27 97 64 47 28 21 53 79 51 89 84 57 78 10 45 12 35 75 7 81 46 9 88 59 6 15
19 16 43 42 55 92 54 2 80 74 65 77 93 48 82 89 21 59 61 32 64 91 6 13 25 15 85 11 84 33 5 72 30 86 51 71 47
55 47 57 32 31 65 25 15 64 66 90 76 89 53 1 70 38 62 36 37 59 10 72 4 73 7 68 14 28 87 3 9 22 99 17 83 51 85 78 79 39 98 44 67 30
27 96 66 62 28 70 60 63 11 59 72 56 87 74 91 18 57 29 76 61 12 68 50 31 97 3 41 30 53 17 26 69 51 64 36 49 99 24 90
63 74 78 9 64 55 94 58 79 37 90 51 28 23 72 96 15 53 50 83 40 98 69 26 29 1 56 14 75
6 19 95 30 40 16 83 41 96 44 56 80 65 73 29 5 26 45 60 48 10 51 1 55 89 4 25 20 74 61 93 75 90 12 49 37 34 71 13 72 38 84
39 77 88 12 50 54 59 72 75 62 52 57 83 43 80 74 61 60 32 36 35 48 19 82 37 25 27 29 42 68 17 7 40 93 76 56 66 55 53 18 16
9 43 3 6 26 78 24 74 69 98 2 49 71 77 63 55 15 34 35 66 28 97 10 20 51 73 40
41 3 40 20 59 42 88 6 29 66 63 43 21 70 98 94 11 89 53 60 27 51 85 78 77 75 84 49
28 89 92 29 36 31 79 8 53 91 69 88 30 47 21 14 74 7 59 51 55 56 15 60 75 24 95 4 27 46 86 84 20 26 43 72 12 40 82 33 87 42
51 93 72 56 64 25 52 4 82 14 24 55 23 44 34 28 49 7 78 16 39 62 18 99 66 41 81 48 65 57
41 44 82 32 70 15 19 40 65 50 1 92 29 59 53 87 73 31 81 98 52 43 51 85 33 58 99 17 6 37 67 78 57 75 79 47 12 49 34 80 60 10 23
77 71 32 20 4 35 75 66 96 33 70 14 52 90 88 37 5 36 19 78 47 10 56 80 79 50 92
11 39 86 60 18 8 15 22 35 9 94 89 54 98 55 68 90 26 84 81 16 36 88 69 74 83 51 53 37 77 40 7 46 62 65 57 87 10 45 29 2 72 27 5
93 27 63 8 86 23 39 29 96 2 95 61 89 14 71 22 57 81 76 18 3 47 85 67 58 92 1 20 60 64 25 16 33 5 36 40 83 52 43 34 24
61 47 22 54 56 14 91 46 44 65 27 32 89 97 11 98 60 2 73 1 5 51 43 59 24 82 4 71 41 33 88 64 55 81 62 38 84 7 18
23 25 47 64 51 18 78 81 55 56 79 1 17 38 85 99 10 65 88 71 37 13 83 43 54 93 90 28 68 11 46 5 92 15 98 94 82 87 58 53 69
18 50 61 58 41 14 75 39 13 68 88 63 69 87 20 79 26 66 71 15 31 34 78 91 23 59 67 60 42 64 27 89 2 21 96 84 40 55 65
93 81 83 36 5 43 85 53 33 92 18 27 48 55 71 80 73 84 25 29 66 1 24 26 50 19 13 87 51 32 45 10 35 62 82 60 3 91 20 22 17 88 78 90 58 57
56 40 3 94 63 20 18 29 5 42 44 65 59 25 33 90 69 19 51 54 21 45 76 67 16 34 50 73 96 32 48 55 87 79 26 60 43 1 77 10 9 85 4 30 53 7 95 52 84 86 97 13 49 91 12 27 6 47 36 2 41 23 81 75 88 14 82 64 62 28 70 57 37 83 31 58 78 22 89 24 74 11 17 98 61 35 92 39
29 6 80 60 61 17 26 18 93 3 13 84 53 46 78 83 25 27 22 36 75 21 55 77 39 47 50 88 96 40 28 72 56 33 12 30 7 49 52 10 45 59 85 74 44 16 51 73 69 68 94 92 19 11 87 34 48 31 43 64 9 65 20 58 99 23 82 63 95 89 67 81 97 76 42 86 54 32 35 37 1 57 4 8 62 41 90 14 38 71 5 2 98 66
3 31 49 88 58 32 25 51 4 91 84 77 53 27 36 50 59 73 70 11 35 66 30 80 34 39 5 20 82 43 13 33 93 17 69 92 87 90 38 18 1 8 2 37 28 97 85 6 98 26 42 68 76 56 81 60 10 95
31 81 68 20 32 67 86 72 17 25 12 87 88 24 26 56 33 91 73 7 43 16 60 27 2 77 62 39 51 38 34 61 63 64 28 93 1 94 11 95 44 55 47 4 35 53 5 76 99 45
85 36 37 98 10 61 5 38 21 72 71 46 47 54 9 41 70 56 48 69 29 89 18 44 23 99 49 90 96 32 42 39 64 82 75 66 95 94 20 73 91 7 51 53 62 87 19 68 28 16 26 45 63 43 11 97 77 13 86 84 60 79 40 65 25 92 50 67 17 15 93 27 57 6 31 76 74 59 55 58 52
29 25 16 63 91 8 69 36 32 54 4 58 73 82 46 34 65 12 87 49 38 90 71 97 23 80 37 1 95 44 20 98 56 74 21 72 26 76 93 67 24 6 40 14 30 96 62 66 43 10 3 55 9 94 88 42 86 85 84 99 61 7 5 77 18 33
78 58 18 33 28 25 67 96 45 6 64 9 32 84 30 13 63 59 3 85 70 87 46 57 92 37 83 49 24 86 75 17 48 34 39 81 10 95 38 82 14 90 8 44 29 91 76 19 50 51 53 94 11 68 1 5 62 54 47 97 79 71 52 93 88 56 26 43 36 35 77 7 42 20 98 80 72 69 12 66 89 61 55 73 23 15 41 65
97 89 68 43 24 10 13 23 88 40 36 77 86 42 66 71 75 65 56 57 29 96 82 74 39 18 64 28 53 63 50 38 79 60 98 59 81 34 37 31 47 17 1 35 58 15 8 78 92 85 4 27
72 42 31 35 67 66 38 49 81 85 82 58 73 14 98 29 51 36 70 12 71 76 57 80 39 15 18 52 32 20 91 59 86 41 61 64 78 63 1 96 54 5 56 95 43 55 65 60 44 13 26 89 46 28 62 79 33 2 90 27 94 11 69 22 93 9 45 6 37 77 23 88 30 68 7 74 8 21 25 99 50 87 53 92 34 19 75 16 3 47 83 4 97 10 17 24 48 40
13 25 17 69 43 87 33 64 95 35 83 53 70 1 80 34 93 44 71 40 14 22 7 68 20 86 6 75 57 52 92 79 56 59 55 90 60 82 49 73 98 38 9 41 85 42 51 91 50 24 88 78 72 11 2 32 94 99 12 37 36 3 21 58 18 16 4 31 23 27 46 62 77 30 66 89 15 48
71 15 8 50 41 2 20 63 76 35 16 93 17 91 18 1 90 74 39 49 33 73 21 88 78 84 72 14 55 38 23 47 43 30 54 61 24 96 45 79 26 31 59 70 97 60 57 83 87 95 40 58 67 27 89 66 12 46 81 5
21 9 24 15 71 43 74 92 49 1 2 70 87 32 80 73 61 4 89 57 77 66 68 48 39 85 41 53 46 84 78 88 82 16 10 59 37 18 7 45 42 34 12 50 96 5 28 36 31 67 72 23 95 75 19 76 27 65 26 69 54 30 60 11 51 93 3 56 52 38
35 57 48 24 28 26 64 40 31 10 90 9 52 2 38 66 67 3 74 59 16 13 56 49 43 95 39 96 32 77 84 86 97 50 37 63 87 51 29 65 1 76 60 55 15 72 18 36 61 69 4 70 89 81 45 42 22 83 12 85 25 7 79 8 62 33 68 82 94 71 78 23 99 73 91 34 53 98 44 54 21 92 11 46 47 20
29 75 66 68 86 6 4 56 27 80 70 74 51 92 78 23 69 1 65 25 3 48 11 24 77 12 35 19 40 63 81 38 57 13 26 82 54 88 90 85 60 67 96 89 99 5 21 72 50 46 95 47 53 32 39 37 33 42 52 10 93 59 16 61 73 9 36 55 91 44 22 41 45 87 62 2 49 94 15 20 84 8 17 97 31 79 7 58 98 28 43 34
64 78 25 84 82 9 27 60 67 18 69 76 83 95 89 13 92 99 88 43 97 24 29 65 94 19 68 63 17 48 53 42 81 90 47 8 61 55 72 11 2 87 46 98 30 35 57 54 58 14 37 66 73 21 93 75 51 7 3 70 4 62 56 32 41 45 16 50 91 26 52 38 20 77 22
70 89 20 59 91 34 88 14 78 52 2 94 44 98 73 74 58 86 99 76 35 95 61 43 80 7 63 8 57 67 26 49 48 10 66 54 12 90 87 47 69 45 17 81 77 6 79 30 16 5 13 38 85 56 18 31 64 3 11 19 32 84 93 24 71 33 1 96 75 46 55 36 15 23 41 68 4 9 60 50 82 53 39 37 42 22 40 97 83 21
15 65 55 32 57 53 27 6 26 67 2 12 56 4 73 9 79 64 88 11 50 28 97 91 89 98 87 54 14 13 19 5 7 8 43 59 76 68 92 51 25 33 3 29 80 17 63 77 61 90 84 41 38
17 91 1 62 54 23 15 98 95 84 40 33 25 36 34 50 30 75 71 6 57 43 41 78 89 32 47 79 59 11 86 38 44 18 22 82 8 81 61 72 51 88 5 55 48 16 70 31 68 13 37 65 87 80 24 90 60 56 76 97 46 12 9 10 20 85 96 83 7 2 21 94 74 69 66 29 3
10 51 54 25 13 4 16 66 8 17 23 78 29 67 2 79 44 64 5 57 55 21 48 65 33 41 9 94 39 34 28 19 47 37 77 86 26 58 98 31 40 18 99 87 91 82 38 56 84 6 12
19 31 14 92 34 17 7 71 49 99 63 80 67 2 66 4 70 10 41 65 94 9 79 91 74 81 24 90 5 37 54 50 27 64 53 73 42 78 68 18 88 83 25 28 36 12 43 21 39 22 46 96 87 95 60 86 48 13 72
16 909 883 35 798 584 164 594 706 38 235 34 187 281 10 995 737 803 199 692 188 100 415 49 963 420 570 807 882 31 401 83 618 449 971 991 684 210 936 298 982 7 761 846 289 70 539 405 122 772 855 779 529 13 1 617 143 581 464 854 500 382 988 226 316 859 938 354 937 201 215 888 172 587 543 511 844 124 326 996 433 547 318 722 334 682 304 363 262 989 897 148 295 242 253 81 786 805 851 548 97 195 383 993 758 57 391 445 789 159 258 319 765 685 5 224 893 567 467 901 87 36 568 473 620 47 204 85 53 669 731 615 225 961 252 671 927 884 523 814 781 237 370 733 41 275 848 278 144 306 96 98 628 418 614 932 441 627 984 424 468 586 169 705 536 856 477 928 379 189 545 102 33 967 660 648 929 861 296 274 455 151 495 416 655 965 817 811 951 747 903 89 73 52 346 637 662 4 368 56 320 603 444 703 554 425 130 374 432 438 168 681 55 572 891 514 487 492 505 443 434 801 795 619 714 207 964 119 347 101 491 343 472 300 486 345 256 135 571 822 136 948 371 836 68 64 484 247 577 887 29 944 825 659 509 69 676 323 378 661 950 502 921 827 387 200 78 80 970 145 947 522 496 634 695 574 238 377 386 270 952 250 446 236 26 672 799 330 507 479 61 892 920 475 709 954 218 114 6 741 18 640 499 701 800 244 771 190 744 782 832 647 958 553 488 857 77 305 561 263 15 519 60 596 213 794 349 71 132 327 179 362 557 880 589 837 528 338 942 180 654 367 878 123 214 542 760 395 43
916 511 371 992 464 244 269 498 25 267 75 909 841 815 150 485 83 361 534 416 507 779 646 581 196 840 175 778 274 318 310 46 746 911 584 234 807 204 715 154 614 808 408 644 87 298 703 653 786 28 626 838 772 166 940 488 903 688 758 484 539 88 439 146 638 438 802 396 741 975 529 55 521 532 781 684 57 260 664 263 860 545 622 514 504 61 806 961 362 873 936 226 952 854 714 878 2 142 997 982 647 242 697 887 556 440 80 993 158 648 782 726 784 184 966 586 124 162 692 502 576 768 650 395 238 207 264 793 22 744 544 375 208 478 13 434 967 411 72 658 280 988 407 173 296 740 476 773 640 830 702 136 493 494 606 924 441 674 59 835 81 290 913 6 945 761 522 923 550 27 203 870 370 791 788 637 366 562 553 750 177 214 670 171 760 566 839 801 939 958 376 931 119 281 885 191 685 135 633 612 733 89 79 630 453 450 192 645 448 918 384 227 837 933 373 389 251 353 248 585 679 919 516 223 365 898 279 525 43 179 985 499 836 183 335 194 37 677 129 742 790 413 344 428 350 31 792 176 729 417 33 517 871 983 530 65 364 608 849 482 446 93 477 783 399 24 662 826 579 908 256 332 479 875 509 767 798 548 97 669 400 996 32 957 429 84 151 817 71 872 542 789 724 561 5 639 774 743 780 101 803 270 386 261 816 899 508 930 920 513 964 387 795 490 324 894 756 753 531 569 356 165 804 397 922 67 882 883 107 759 527 712 564 202 941 449 943 303 82 892 588 738 959 929 965 752 735 422 963 551 719 538 845 319 607 948 220 942 848 877 271 236 665 314 472 406 232 255 302 699 686 355 800 528 666 91 944 864 711 810 115 953 217 126 689 253 623 956 934 463 108 731 41 747 215 660 445 710 35 414 140 991 245 224 701 797 634 863 340 285 161 757 824 250 900 17 876 36 587 917 144 523 342 198 698 471 616 149 968 818 379 339 705 117 829 102 322 284 240 610 851 867 294 420 118 700 598 631 345 282 754 720 64 466 470 706 831 62 368 777 563 981 145 346 603 95 54 103 259 862 105 659 748 972 680 727 418 671 515 763 749 246 15 216 304 673 442 309 886 23 70 764 163 120 730 604 295 844 45 125 884 137 537 100 44 736 890 415 68 489 287 473 325 580 921 642 247 668 313 317 388 323 628 526 483 230 104 605 893 554 258 655 980 311 98 549 369 286 591 343 170 114 229 717 814 219 190 307 625 73 874 663 558 435 381 360 621 9 805 897 552 110 19 3 288 321 367 901 58 643 540 619 94 69 277 809 855 265 268 436 592 337 492 547 425 155 937 276 582 627 10 465 475 378 382 560 392 141 596 998 822 543 891 497 157 632 168 16 925 456 11 927 960 320 599 96 341 156 624 600 617 687 266 273 986 636 575 970 291 193 187 861 907 868 762 14 380 728 405 90 905 859 372 130 825 533 186 796 469 299 328 40 557 99 182 252 635 127 47 739 106 357 424 904 289 691 459 233 419 128 336 676 649 278 811 20 300 734 201 709 1 293 451 618 188 218 457 866 199 12 820 50 412 292 63 431 535 819 487 812 181 852 228 262 693 707 912 571 915 374 593 237 682 48 167 833 426 131 651 745 503 174 765 138 402 455 989 696 716 239 827 601 843 654 359 283 200 85 393 661 60 828 148 74 589 326 329 821 902
671 579 448 998 805 972 764 267 672 770 551 139 388 628 464 613 919 485 903 612 438 584 258 341 295 12 369 164 555 430 933 421 568 657 951 450 996 756 33 471 548 618 828 605 495 228 679 373 665 345 99 497 25 759 392 95 629 755 212 194 739 457 811 745 562 199 844 578 38 719 747 984 928 751 519 370 876 473 730 15 191 81 985 740 714 752 524 900 567 319 109 976 692 113 716 84 303 995 961 403 298 494 288 735 911 652 149 689 606 645 639 244 359 868 220 340 819 741 325 284 59 415 762 192 932 892 850 104 469 574 906 852 64 41 929 353 695 123 886 226 189 857 733 712 947 322 559 62 350 686 166 532 661 160 550 907 386 427 286 482 787 44 467 596 224 674 179 26 315 582 144 941 275 863 546 860 408 92 758 691
737 496 788 302 722 403 611 589 28 608 937 590 133 577 304 177 427 700 881 696 310 712 761 158 238 170 295 208 245 724 479 280 889 773 757 279 218 919 179 419 975 77 813 482 578 71 569 252 528 41 943 844 647 656 468 540 119 417 986 334 635 884 256 526 626 522 670 247 271 906 907 673 392 653 298 544 357 658 549 657 57 964 681 500 13 597 898 450 605 748 210 596 806 839 287 899 364 148 646 717 23 872 382 183 604 62 868 983 127 665 37 171 207 749 488 347 603 251 514 11 771 944 321 150 631 443 997 101 537 413 619 819 859 221 753 483 12 254 615 222 836 498 105 818 481 803 675 54 359 100 892 824 349 901 394 97 886 288 671 249 947 66 840 338 303 201 713 455 683 33 967 314 173 420 335 342 789 274 582 161 676 571 701 573 797 406 546 752 524 945 853 191 827 80 715 458 73 136 661 484 377 441 113 725 561 135 299 791 942 107 103 227 841 623 774 275 172 391 743 163 543 858 848 699 925 798 504 702 46 491 972 595 345 535 553 98 783 996 106 790 19 600 129 18 480 316 929 27 253 523 344 515 53 659 640 799 257 94 940 989 620 638 317 350 87 437 248 642 588 372 939 128 991 985 212 664 244 17 182 516 462 542 138 76 820 562 678 862 627 164 152 157 764 369 367 115 447 290 176 159 132 205 67 34 151 432 849 39 876 660 741 817 395 838 730 554 756 134 281 814 465 851 728 174 234 402 109 706 42 708 166 116 829 837 583 262 442 769 178 784 74 506 315 60 393 520 987 883 260 433 8 723 736 15 931 374 874 521 667 410 959 860 125 981 388 64 765 477 378 358 834 56 147 690 319 322 273 567 913 381 863 912 380 762 680 5 637 957 718 938 916 787 911 472 754 823 956 190 932 2 512 709 425 434 82 387 467 513 366 948 258 963 31 651 968 10 772 229 794 548 703 727 69 189 602 384 261 822 560 854 599 187 114 950 782 223 418 927 572 215 440 264 882 89 510 343 237 960 928 645 363 400 669 895 21 58 86 324 616 580 978 767 475 117 228 240 949 594 175 924 529 325 326 296 385 636 982 265 890 747 998 361 213 935 499 225 297 118 95 197 292 332 153 156 974 612 828 739 30 682 307 259
959 725 61 846 34 467 697 396 738 293 271 71 927 662 74 566 862 564 551 387 533 351 303 592 968 612 187 184 221 739 360 753 459 769 57 905 250 374 101 619 123 558 475 611 430 966 213 756 686 867 341 164 767 557 899 893 637 713 300 359 210 938 976 506 177 709 994 436 590 780 104 31 480 32 937 19 584 298 179 392 692 224 349 866 574 649 295 429 81 80 741 731 605 591 149 934 353 482 508 777 923 503 343 661 211 528 755 114 972 227 541 69 761 669 510 531 238 322 748 809 534 12 383 163 22 630 274 736 576 117 265 15 751 951 205 797 532 720 233 735 240 675 411 366 438 707 857 929 737 567 999 639 88 988 178 683 49 246 222 617 529 881 319 833 131 946 764 647 48 685 155 54 223 170 633 301 209 78 315 237 717 427 108 907 166 174 472 977 228 732 595 582 284 99 129 299 597 601 855 454 702 10 980 744 693 915 115 451 565 18 272 158 555 620 694 402 836 652 646 125 208 28 891 407 172 490 357 904 783 215 419 478 859 493 307 347 955 526 834 11 793 547 727 970 156 29 585 325 701 623 106 21 302 264 433 406 146 122 705 613 470 133 444 774 924 27 268 305 524 896 816 3 51 485 225 912 437 231 214 803 14 849 505 781 624 561 696 269 400 6 687 393 700 556 230 469 942 385 107 369 918 488 795 43 536 721 421 814 964 514 8 455 204 562 512 876 96 462 432 98 142 578 969 217 255 378 603 990 157 979 25 180 848 860 491 253 109 294 610 207 167 40 173 195 185 326 346 100 638 971 770 789 922 423 579 218 658 252 323 626 2 310 871 420 63 324 484 199 839 654 141 791 312 62 86 930 26 897 982 580 83 822 900 549 642 426 181 583 884 853 996 477 785 52 64 276 587 552 401 808 598 321 828 143 53 835 404 684 352 631 920 137 66 453 13 830 911 449 197 723 869 266 471 691 239 50 818 880 79 653 235 863 599 391 249 93 722 852 509 94 206 241 878 304 263 798 24 458 403 417 784 443 973 128 714 622 586 602 978 746 495 718 242 229 372 486 190 212 418 975 673 415 903 73 84 656 908 831 664 571 306 872 821 77 267 150 747 634 716 607 97 7 320 520 376 811 494 933 573 742 161 44 283 147 877 201 559 465 719 530 941 854 776 448 708 103 499 236 186 153 105 479 289 817 806 874 45 542 935 194 864 285 796 259 370 704 771 712 169 660 910 355 243 118 560 395 154 762 452 140 650 262 413 807 689 750 544 961 4 113 539 870 412 388 812 629 198 837 521 183 788 70 987 251 618 643 308 431 984 111 651 645 909 38 868 334 244 191 356 775 377 829 882 260 967 819 527 948 554 160 152 824 668 743 802 676 434 606 386 998 792 593 254 965 680 39 498 841 548 609 159 330 389 625 110 116 398 986 543 875 450 139 949 507
939 814 206 87 877 36 20 911 364 499 271 159 769 727 631 719 882 730 329 566 797 898 111 231 862 716 524 958 690 273 480 976 842 710 62 798 279 211 800 571 491 172 351 402 801 589 665 977 400 948 579 219 989 687 929 232 575 820 101 201 741 618 95 577 372 392 733 869 639 794 394 553 569 784 515 182 507 498 262 397 954 521 513 479 105 938 828 779 835 621 718 410 162 897 295 912 361 774 642 775 683 930 229 377 978 493 925 357 5 202 526 782 494 312 999 218 476 46 511 512 390 868 804 239 997 638 846 401 178 544 214 590 737 562 557 421 944 92 637 445 518 342 682 670 756 709 584 572 387 30 838 829 347 158 442 509 335 167 951 360 983 336 823 49 533 469 70 588 793 538 648 713 635 532 140 969 456 697 630 695 115 120 787 490 450 728 840 878 771 770 197 449 263 53 236 185 732 761 52 711 103 388 18 337 51 884 556 860 35 65 422 143 668 786 678 856 466 885 283 100 94 9 738 370 632 458 643 817 383 609 207 464 467 755 102 78 742 776 321 946 129 492 887 311 970 688 315 789 485 636 454 412 974 44 301 945 367 308 210 987 496 226 806 657 772 447 132 250 708 314 651 320 530 248 302 995 191 548 768 270 685 592 380 892 729 433 564 285 317 274 222 323 740 966 84 149 956 414 667 80 474 542 641 32 452 843 22 763 69 881 444 519 258 215 883 472 175 150 910 859 551 849 77 724 698 354 281 851 104 133 865 675 71 425 634 155 647 867 731 613 964 212 55 681 254 74 905 481 318 495 686 37 595 739 619 546 294 535 429 252 88 246 371 260 243 291 209 573 824 316 171 4 106 181 752 441 807 462 183 696 627 864 190 596 23 712 176 785 783 624 396 413 338 297 606 426 147 841 307 298 424 430 950 922 134 550 180 278 587 310 666 50 47 304 796 707 778 146 261 662 227 612 890 918 455 98 726 644 2 389 955 971 244 384 702 825 375 607 325 408 293 339
265 268 653 211 220 438 184 545 26 986 525 262 436 282 7 929 123 354 353 45 538 158 349 103 89 458 845 295 819 889 166 423 36 527 989 214 876 828 155 642 730 597 67 771 829 783 541 644 230 490 709 567 461 797 684 417 263 718 867 78 37 59 897 383 671 138 402 258 270 676 751 90 614 278 891 17 522 161 303 323 769 748 852 888 526 240 111 475 379 563 181 193 315 80 817 288 250 152 717 332 284 391 96 216 921 234 999 816 801 700 508 608 401 460 693 206 95 509 786 144 338 205 623 554 318 41 394 723 721 271 909 602 685 98 813 254 787 105 846 246 482 850 548 742 658 434 151 459 427 395 387 456 677 177 764 779 772 777 675 519 469 655 741 503 202 199 367 539 150 326 640 941 183
968 452 279 519 913 305 595 393 131 619 54 281 238 563 339 445 199 713 699 33 575 822 691 246 184 159 176 829 973 752 546 986 428 775 615 814 648 373 862 254 342 751 392 310 407 45 852 505 854 106 534 99 149 733 411 265 167 55 328 15 456 321 215 743 793 566 951 857 75 547 777 137 243 988 933 977 558 84 501 694 101 469 979 628 111 105 177 647 932 142 280 88 882 379 507 171 607 23 156 805 166 450 283 758 906 586 455 726 528 561 179 602 623 834 419 366 264 727 268 562 440 497 989 66 251 825 522 604 446 515 732 385 216 402 151 588 162 969 560 564 868 8 214 374 919 816 387 483 508 69 52 552 349 270 93 336 211 698 557 943 253 961 163 375 430 351 952 833 717 464 206 493 233 35 605 624 231 295 645 971 319 741 725 219 249 21 141 294 671 382 32 756 538 63 710 217 680
22 788 456 531 391 599 811 689 822 149 244 759 285 308 876 420 520 685 395 291 109 316 274 977 132 10 306 659 423 619 772 843 379 24 621 353 891 305 612 967 743 61 424 281 454 805 213 43 570 802 969 710 170 100 873 787 938 686 152 490 32 255 259 888 494 548 987 253 203 526 538 546 930 845 948 926 107 718 114 729 75 382 609 300 622 687 913 899 411 951 479 28 247 608 116 238 394 747 576 66 894 398 653 110 340 162 323 574 222 313 190 696 504 453 762 723 251 85 125 512 35 693 103 345 923 229 508 897 746 435 64 821 692 618 901 179 852 795 367 936 181 25 128 34 506 984 766 569 396 809 916 174 587 360 814 647 771 359 21 104 40 67 399 180 429 684 742 844
293 268 901 333 920 306 219 302 365 349 318 996 781 94 682 667 536 207 776 122 891 848 466 369 699 464 581 732 467 836 9 212 655 303 719 850 285 368 966 132 827 633 90 635 883 886 424 447 39 385 360 679 808 530 444 980 654 244 867 487 701 31 556 320 407 939 648 130 451 353 411 301 209 683 330 991 881 166 546 236 819 472 694 367 876 657 110 389 319 917 70 548 832 669 823 676
334 644 286 393 806 564 867 425 737 979 383 974 903 544 612 774 377 400 992 961 443 984 902 444 597 954 718 328 919 16 629 555 846 751 666 869 329 816 361 52 847 833 155 730 93 673 318 264 237 99 637 669 64 643 165 55 694 817 257 640 570 94 188 487 404 792 172 466 749 932 240 692 966 58 650 242 18 810 952 928 70 593 925 663 592 788 582 200 244 853 495 351 25 573 611 997 338 682 12 196 96 756 480 860 267 993 176 23 184 549 402 657 327 899 168 808 852 601 135 985 539 840 762 298 590 486 589 331 148 789 842 349 861 98 844 536 126 594 169 936 577 927 897 428 733 194 445 287 293 152 667 739 812 717 252 708 284 315 829 546 508 247 636 421 381 758 662 128 177 171 779 617 476 153 868 283 550 363 345 684 278 10 384 113 295 130 411 75 314 976 178 463 95 838 114 241 149 376 167 420 933 965 117 618 523 312 920 224 453 991 206 881 108 78 478 584 937 282 232 826 102 119 634 79 56 513 796 688 811 843 641 300 683 116 787 890 529 745 969 784 906 45 931 490 133 373 225 526 703 567 721 880 764 870 845 299 342 884 219 163 610 279 528 182 112 416 987 837 608 465 15 956 752 481 399 390 913 181 540 65 121 360 110 754 473 151 6 291 429 68 195 707 652 768 967 578 289 747 633 757 214 531 193 229 836 713 192 647 205 260 310 281 512 459 978 265 971 189 530 760 701 208 382 963 727 50 595 209 248 471 989 374 105 273 820 677 924 827 996 239 871 591 621 889 491 543 213 88 766 86 635 626 472 316 308 982 580 697 509 731 655 793 475 9 499 813 977 659 527 436 346 33 719 166 798 896 451 424 269 261 258 335 422 525 366 696 245 353 763 858 519 479 918 631 804 940 957 2 691 396 876 791 263 676 654 563 678 223 364 432 554 143 218 497 26 911 357 632 394 395 82 776 454 498 251 765 322 426 294 947 908 62 359 986 574 714 198 970 949 815 521 48 983 619 301 150 630 228 254 809 938 990 904 236 785 488 439 427 47 547 661 748 347 405 325 5 450 786 627 910 559 783 725 280 385 270 800 885
945 883 393 652 33 217 436 508 192 487 685 235 271 200 949 23 778 567 574 454 444 664 354 787 268 86 899 442 543 637 749 771 163 460 876 50 75 643 589 674 105 561 502 599 162 295 693 135 300 523 215 846 931 651 157 313 739 341 297 941 108 38 780 4 440 263 661 793 153 681 917 397 760 472 152 507 988 334 814 349 855 118 549 772 229 539 965 586 989 378 737 765 559 345 748 592 639 907 773 455 310 221 110 598 55 477 618 32 525 786 190 497 777 764 535 558 480 958 512 506 823 234 13 52 649 538 419 399 633 690 968 106 831 147 630 922 624 142 303 746 790 645 44 879 62 307 544 304 137 484 129 897 70 585 226 136 214 977 536 774 816 998 521 336 37 428 813 98 491 216 243 364 878 390 678 803 323 380 805 358 205 880 95 416 66 976 331 21 666 256 627 9 792 284 700 6 458 900 335 600 389 277 617 488 372 164 34 447 267 47 670 522 7 65 534 465 468 63 916 503 291 467 186 583 15 415 473 168 35 386 51 12 540 325 383 969 915 821 39 369 85 842 577 668 511 324 471 751 504 840 641 697 687 239 796 845 2 111 212 321 478 595 870 49 270 576 529 316 673 146 913 890 391 395 902 892 981 456 74 499 850 493 19 213 161 36 957 127 237 658 60 689 655 405 551 322 357 747 193 553 975 573 392 96 757 896 684 128 694 394 725 596 287 557 862 283 290 388 138 180 94 123 282 20 594 102 247 407 83 57 785 420 515 927 984 853 530 838 412 863 839 632 770 228 921 308 64 417 175 329 858 209 923 461 490 410 183 10 607 54 766 802 53 294 338 288 99
19 384 27 85 542 174 297 512 652 53 673 407 572 490 42 594 591 486 489 693 244 252 202 777 664 87 619 743 178 485 914 922 288 449 755 94 567 306 824 100 775 976 304 16 360 870 102 281 194 272 162 822 634 103 282 477 340 568 268 864 474 545 159 550 729 345 203 887 457 147 220 315 348 531 780 795 783 171 135 354 735 221 595 740 484 263 389 187 848 588 227 298 475 273 140 445 557 705 635 582 465 414 597 874 311 233 769 259 234 989 510 116 935 628 190 805 301 35 841 324 172 191 467 996 576 352 980 291 236 621 439 889 920 431 533 834 8 347 466 266 24 302 688 808 355 117 232 788 420 13 981 367 397 749 537 924 771 284 760 56 90 956 49 92 562 74 892 917 897 519 828 858 257 602 719 269 213 63 546 806 845 518 803 529 169 113 884 601 687 30 430 651 754 600 265 827 998 218 312 379 205 558 119 121 902 932 398 296 792 289 230 882 962 876 99 944 179 271 450 880 715 666 931 206 481 496 514 46 738 158 322 659 768 901 855 541 953 167 180 381 378 300 433 918 807 9 590 821 915 532 895 544 694 175 186 453 592 497 75 240 454 636 436 975 863 444 700 774 309 992 79 120 538 984 504 967 969 375 530 750 961 142 181 723 243 262 852 83 559 919 669 790 596 115 161 847 657 832 185 704 680 536 97 472 7 991 469 770 131 372 695 813 814 68 78 256 334 487 492 893 189 867 251 58 446 278 404 896 713 682 598 275 463 663 570 426 987 833 108 941 428 946 801 307 632 502 249 343 757 702 927 293 869 607 674 614 166 994 199 759 429 553 605 552 679 228 313 739 471 305 440 826 581 844 283 604 6 745 442 716 817 727 424 577 761 128 972 107 225 31 144 812 555 612 839 856 554 163 791 143 701 734 736 762 359 938 907 615 387 785 73 741 499 710 70 245 675 488 968 804 668 603 111 386 990 672 402 254 93 960 451 434 810 150 696 799 418 717 383 44 328 260 677 346 861 498 335 973 691 473 154 565 267 69 125 101 890 593 39 656 122 988 165 47 964 88 276 765 391 37 667 382 786 91 943 829 299 965 908 422 658 611 247 796 862 564 517 606 419 671 521 290 789 574 479 764 231 733 349 676 910 77 707 526 326 642 934 264 836 164 610 549 527 357 52 329 196 401 563 520 226 123 930 409 207 416 377 714 363 730 955 109 238 888 314 865 815 875 534 438 170 461 319 460 548 14 974 478 508 866 583 623 160 350 784 618 114 374 885 690 737 608 18 176 970 393 631 547 584 495 686 112 899 437 294 678 425 368 370 579 177 660 369 84 999 80 336 155 711 292 500 793 585 515 525 235 258 491 43 543 399 978 197 638 4 949 617 809 983 412 573 132 285 36 139 50 684 756 157 51 274 423 575 222 136 624 958 721 22 286 503 223 511 823 394 96 778 763 421 963 337 883 661 216 846 751 48 560 464 403 493 997 410 12 124 843 325 971 201 86 681
520 362 297 318 507 455 776 142 428 294 210 973 152 113 270 193 239 483 748 661 173 253 743 549 118 236 551 319 121 365 10 513 186 75 906 735 893 518 402 981 461 896 272 241 93 643 208 509 88 768 316 91 970 722 260 166 97 826 669 262 346 183 305 74 380 269 419 237 327 275 792 4 568 659 636 463 667 370 105 949 847 187 458 762 27 692 984 299 348 572 628 505 68 795 413 22 828 550 811 750 935 632 966 170 501 548 146 739 206 782 92 21 133 731 578 242 820 600 894 625 963 409 852 453 788 395 12 393 848 454 909 610 781 197 320 40 730 469 676 656 879 880 495 309 797 759 138 777 202 920 473 995 566 107 633 694 991 587 288 767 732 292 407 161 112 371 790 389 87 471 723 837 737 815 940 248 6 280 914 881 137 343 205 832 72 315 445 641 85 622 969 725 254 190 860 915 102 376 696 838 575 784 273 54 191 845 664 52 819 635 863 925 499 433 598 640 818 387 44 392 184 874 212 51 321 171 890 547 416 211 859 552 929 145 470 298 902 154 266 680 325 158 235 261 729 169 209 95 763 368 378 101 391 928 310 250 787 132 814 718 9 313 180 517 599 397 404 604 992 26 674 705 474 147 877 139 464 188 119 383 443 529 542 50 805 81 179 930 482 755 284 717 59 301 827 274 195 754 592 812 712 143 810 73 96 686 422 388 249 660 160 783 960 685 851 247 60 573 350 791 734 584 627 240 394 842 440 799 468 642 605 816 602 780 829 424 687 560 691 822 525 438 689 850 306 57 447 267 423 45 612 255 626 31 129 910 681 2 478 744 439 234 919 70 639 276 647 448 804 539 882 465 709 323 124 644 803 971 728 888 840 476 460 830 127 406 532 47 337 415 613 836 43 86 834 856 658 677 899 516 854 333 246 719 436 287 372 181 558 618 531 324 366 432 500 35 496 148 329 116 733 510 345 477 227 259 571 721 867 574 408 331 216 617 330 695 937 998 355 377 742 456 931 662 989 541 965 821 619 535 312 921 200 144 833 232 24 917 420 809 493 69 988 841 374 122 225 155 527 933 957 490 682 961 668 53 36 426 358 979 466 128 985 83 167 84 168 115 405 317 926 363 8 976 555 746 823 224 956 997 597 591 279 149 117 704 675 375 798 883 222 398 975 771 213 941 277 869 631 332 621 182 417 875 789 756 987 609 98 488 945 354 898 590 100 962 885 268 172 226 713 485 441 204 773 666 256 580 932 156 401 194 282 230 176 414 886 5 245 955 17 665 76 157 491 497 673 185 120 251 140 684 884 990 887 360 285 364 515 379 912 645 367 871 938 904 178 858 71 697 56 452 489 638 594 369 457 328 562 794 808 399 716 736 751 252 927 701 648 802 866 843 891 959 231 634 570 23 720 779 174 217 583 258 924 196 999 630 749 889 747 480 646 384 451 347 175 543 352 839 901 589 295 629 421 344 135 556 257 400 49 78 977 939 726 846 30 607 151 526 162 508 793 653 853 538 745 934 382 498 553 104 824 462 608 657 90 199 434 864 243 431 150 540 356 479 900 831 114 764 770 844 130 918 165 672 980 108 614 678 606 986 220 28 698 554 322 663 710 534 134 868 565 968 80 33 994 947 651 693 349 403 265 487 396 141 42 334 373 862 741 39 385 690 624 757 218 964 338 77 37 765 895 567 761 342 281 411 506 481 615 637 521 177 302 778 244 775 878 3 201 308 519 293 486 582 198 290 596 857 7 386 94 972 192 916 544 131 954 870 557 286 353 450 339 503 361 296 801 724 740 974 449 714 314 66 753 14 707 437 62 950 913 125 15 944 907 359 936 800 340 522 593 89 38 418 523 435 671 993 109 561 219 494 291 390 18 946 670 738 861 163 611 588 559 825 706 311 911 410 702 873 20 772 967 903 467 603 136 892 652 444 126 475 32 774 616 357 752 758 472 865 502 564 61 427 524 806 303 807 442 430 530 46 425 576 699 289 159 849 99 82 585 336 238 650 537 952 79 215 67 948 335 307 569 271 207 766 577 221 679 511 785 601 459 688 64 982 203 908 951 649 65 381 19 654 683 283 545 229 55 581 943 922 923 905 110 835 595 429 263 727 546 958 504 708 41 111 655 786 278 228 769 48 817 63 304 223 25 514 11
363 464 173 292 918 326 792 386 550 602 452 619 947 101 837 839 48 364 742 868 35 147 431 474 711 925 265 697 387 973 334 822 331 594 249 650 820 563 100 280 556 92 937 491 865 814 336 99 724 667 112 258 205 380 443 238 618 533 479 884 30 63 33 288 710 84 913 301 125 513 517 488 152 218 539 72 504 19 841 647 355 902 385 874 592 756 703 941 251 131 628 853 627 400 880 676 159 256 282 475 10 211 105 495 734 183 366 985 392 413 984 962 91 53 21 717 541 782 248 194 283 999 314 806 702 617 996 544 58 348 553 311 672 961 270 883 559 135 313 307 552 681 767 679 484 497 120 335 643 908 630 988 361 829 224 360 674 709 369 291 107 890 662 29 469 586 833 528 489 372 260 753 137 467 402 743 425 934 849 65 766 632 532 976 783 750 294 905 121 500 939 582 445 870 760 507 646 531 202 344 298 715 76 598 809 190 44 303 320 66 663 116 570 38 899 423 295 109 155 911 254 393 991 896 936 170 75 606 534 141 725 77 442 351 808 462 752 747 214 230 430 67 942 502 213 463 810 683 293 305 649 525 576 904 855 14 466 453 686 367 924 396 678 713 560 184 432 844 417 499 482 530 784 12 255 762 982 842 545 341 813 728 395 388 94 343 278 599 210 732 483 228 308 587 771 770 434 242 486 705 481 765 773 986 595 398 267 154 115 212 56 108 692 206 818 873 221 629 428 568 680 158 134 546 964 287 34 995 203 893 819 882 55 236 656 87 593 381 688 633 9 284 23 861 634 959 315 573 952 179 142 716 50 639 193 916 638 165 848 748 26 435 832 424 535 246 64 333 584 817 397 910 699 857 461 306 951 572 204 16 132 557 332 471 968 555 422 990 730 4 821
97 374 854 512 831 851 539 155 688 321 518 525 909 819 896 782 699 151 140 417 981 245 136 497 149 292 524 743 319 866 830 291 813 637 216 249 874 761 739 327 876 30 933 764 827 150 916 691 826 629 729 33 371 423 552 405 442 258 714 383 968 608 664 926 218 982 605 115 963 625 67 208 545 39 182 277 37 972 877 937 195 904 528 795 123 243 995 777 229 914 337 353 275 282 348 248 956 513 962 281 210 124 74 237 241 787 751 366 131 262 191 274 135 678 342 848 770 340 323 703 242 459 814 805 880 596 565 887 257 796 173 713 856 560 146 908 586 701 295 592 238 702 573 344 696 22 945 566 25 641 491 551 947 204 804 515 700 297 521 311 564 967 996 406 530 83 893 889 568 523 111 563 445 791 363 991 114 29 708 272 939 235 377 985 414 358 594 463 38 769 903 864 20 100 628 529 850 670 145 461 5 601 642 514 723 23 318 72 345 922 64 730 368 44 234 885 992 478 959 800 931 589 339 935 435 160 133 806 517 120 271 396 157 727 96 465 43 147 270 190 844 335 264 687 803 202 554 669 154 143 452 199 930 986 825 422 647 438 180 217 40 948 228 737 99 526 929 734 684 153 735 843 900 987 51 125 988 910 884 196 954 750 474 106 694 268 273 13 316 1 878 197 152 561 587 32 919 456 597 807 833 520 934 823 865 682 192 470 861 681 322 222 360 857 660 175 603 728 424 389 42 12 535 119 860 419 499 655 333 997 892 680 441 657 2 990 784 425 187 346 122 957 630 139 969 458 966 137 89 715 381 979 538 977 193 45 341 498 395 52 460 48 591 946 256 993 853 105 293 624 650 392 9 169 415 506 835 426 439 648 779 585 882 409 444 745 546 267 399 656 411 834 166 602 252 519 126 26 493 797 247 448 77 905 785 544 994 167 364 6 16 103 553 907 766 82 925 230 927 942 440 740 170 732 510 447 611 976 378 215 522 46 600 462 717 174 724 260 619 388 65 575 55 158 78 7 259 227 790 482 502 556 350 837 704 306 276 49 226 626 280 895 755 221 188 891 822 118 719 412 469 121 932 912 200 59 436 421 189 466 616 913 775 487 416 207 894 185 762 213 738 278 949 754 261 69 638 753 707 567 897 712 73 989 144 70 102 127 718 314 86 639 829 494 434 171 710 473 726 326 808 201 576 765 577 129 794 868 352 951 810 91 289 846 471 107 489 159 635 454 872 328 231 128 984 290 28 164 920 384 634 220 974 354 671 668 21 443 666 240 219 689 960 475 24 952 747 961 736 172 716 98 899 970 488 481 266 511 915 455 156 598 571 110 590 768 644 53 80 165 709 251 541 232 432 117 550 495 562 505 859 61 313 883 413 801 301 584 583 113 430 572 531 679 116 788 978 372 752 50 453 631 862 225 549 886 772 818 138 532 397 759 593 604 35 176 356 194 393 66 90 10 924 547 477 980 410 223 534 209 479 370 446 408 633 283 733 286 403 141 555 632 527 898 672 609 570 163 298 685 361 468 330 250 964 536 911 109 875 14 973 457 953 351 578 373
609 812 292 670 227 320 507 578 223 997 321 657 963 363 175 484 867 807 296 49 909 205 788 769 760 156 30 207 509 681 395 898 173 871 885 624 123 864 996 304 74 850 239 306 738 496 559 592 547 981 339 400 465 508 600 826 372 255 170 632 230 694 269 839 232 33 291 477 569 9 930 829 841 855 718 777 626 659 129 543 234 44 894 512 537 629 481 767 201 250 328 612 701 161 964 181 846 470 113 687 299 936 136 454 155 160 579 84 919 391 572 620 998 440 577 720 14 358 185 593 29 698 594 765 54 771 334 85 53 13 416 504 744 634 926 442 599 220 148 356 225 124 289 354 256 682 618 993 253 301 969 226 146 591 583 762 615 116 265 137 178 183 69 842 479 336 288 469 817 816 281 953 690 946 675 889 200 458 931 795 902 91 536 134 862 989 4 394 741 614 90 231 848 861 423 945 553 639 159 219 727 378 206 683 983 165 31 999 506 534 947 164 327 648 489 668 244 521 920 147 365 142 332 342 172 448 72 574 644 978 529 257 24 555 408 152 467 297 847 243 80 662 858 533 460 951 402 588 314 774 171 730 761 732 792 362 60 112 552 111 65 283 6 884 519 608 511 101 800 535 550 22 461 891 937 814 737 386 561 471 309 284 711 843 796 742 938 976 750 343 566 692 182 745 429 248 106 532 238 370 746 910 622 445 859 680 267 420 541 783 150 673 233 71 390 876 46 565 456 138 67 863 468 224 110 844 353 350 2 482 194 43 587 131 344 10 818 757 28 786 15 597 866 837 775 571 444 351 914 88 143 450 435 979 724 254 778 952 977 418 104 897 169 980 120 610 93 939 619 641 499 960 524 98 798 498 86 810 879 20 241 834 625 575 949 107 466 447 948 168 153 992 956 462 684 899 364 739 322 57 195 12 318 108 652 130 415 202 114 531 560 56 904 177 371 366 881 736 832 377 162 518 825 972 688 79 92 734 785 958 455 325 41 381 422 663 880 735 671 452 598 640 751 912 379 493 799 713 384 63 755 16 298 636 929 347 551 901 695 893 367 527 613 903 83 274 975 97 994 221 824 51 58 276 654 729 790 149 985 922 45 399 398 838 667 896 923 856 525 928 669 368 709 315 637 188 430 55 249 728 337 719 184 752 645 475 797 427 803 215 341 214 806 485 102 852 34 895 293 209 851 279 433 245 501 557 76 630 212 589 696 570 974 995 240 886 708 721 567 650 563 280 263 768 966 132 853 962 973 513 163 419 294 59 917 286 510 628 412 717 126 875 546 437 857 191 47 716 601 982 359 756 331 117 900 335 802 836 99 970 141 316 417 438 631 653 870 913 710 573 251 357 697 346 406 549 491 602 246 96 211 991 128 397 190 693 707 369 329 988 480 213 878 845 961 957 828 505 271 808 403 285 361 1 261 376 580 955 754 404 635 78 305 18 522 874 915 352 705 19 686 228 691 888 934 699 815 935 383 759 649 706 868 197 464 933 779 823 144 860 303 830 382 890 277 655 189 324 187 647 308 916 664 782 35 539 562 514 911 413 25 407 167 472 586 48 290 307 340 787 809 986 396 360 37 835 568 204 405 174 374 526 326 488 611 323 674 247 784 278 385 109 548 582 494 330 633 660 180 581 827 892 75 758 158 476 409 135 446 176 421 877 873 313 192 685 865 780 259 21 77 907 236 590 264 61 544 819 268 410 355 193 813 723 441 39 118 950 380 393 822 287 217 804 428 273 942 651 459 584 883 617 270 840 338 62 927 925 237 773 389 743 943 781 36 229 984 425 607 500 642 540 918 218 198 127 94 940 70 523 139 924 605 73 166 199 258 157 714 704 908 616 606 869 495 140 436 457 656 100 661 747 623 672 40 793 763 373 811 473 424 119 556 965 805
471 611 394 71 939 415 56 315 704 627 442 255 482 640 16 13 658 866 857 454 97 124 589 463 366 116 787 588 123 484 636 240 864 944 870 45 897 183 404 964 821 253 302 391 74 949 693 779 145 289 644 475 942 566 671 305 865 29 192 730 554 610 377 576 450 413 186 599 902 274 496 763 709 970 766 541 294 170 807 136 559 356 107 698 526 355 597 383 650 129 728 392 336 51 527 907 675 248 425 537 594 393 82 823 645 96 841 465 160 234 847 946 459 148 952 508 181 143 741 310 303 721 424 2 281 516 711 512 919 43 593 41 426 925 772 308 320 979 200 169 557 724 791 528 562 81 586 943 621 4 569 194 529 428 678 899 278 381 957 665 164 151 348 826 488 3 398 788 574 368 72 801 968 63 215 901 987 738 397 360 785 558 410 938 515 909 190 88 185 84 216 225 264 387 359 705 601 343 478 525 743 448 584 62 55 748 374 878 836 502 17 762 103 460 439 969 563 204 157 467 989 767 522 59 819 344 384 352 755 244 688 134 846 254 868 713 130 312 794 765 326 499 187 23 140 853 379 128 293 363 842 299 432 79 142 635 382 519 998 879 809 351 590 723 174 674 632 561 500 109 324 258 268 567 718 203 256 547 858 469 495 438 318 155 237 172 696 544 313 150 280 602 978 47
89 736 93 636 80 138 189 231 616 128 467 434 837 951 850 348 377 672 707 552 545 890 369 852 304 601 719 594 633 27 48 678 938 190 103 516 431 220 800 370 740 495 223 200 946 288 442 808 738 252 319 914 725 391 187 523 754 788 198 75 494 865 500 922 824 637 406 965 452 667 422 107 934 895 493 630 289 858 944 153 730 955 974 24 982 595 69 150 536 577 366 614 863 175 19 441 490 497 186 449 318 882 908 859 711 499 871 531 629 408 79 685 817 905 732 776 284 67 554 157 750 427 747 784 586 373 325 917 810 964 327 524 400 466 872 902 219 664 487 2 713 209 527 639 525 51 165 900 940 303 308 580 509 537 73 829 345 615 991 733 610 208 342 539 761 749 116 530 997 152 359 592 365 816 25 939 49 653 471 785 378 35 224 17 177 386 55 99 432 582 353 674 724 324 44 39 196 418 866 343 668 114 216 183 242 742 290 811 202 457 253 597 125 741 30 701 720 86 999 680 535 898 994 848 897 71 573 892 967 910 937 661 123 809 331 166 528 919 556 246 230 888 864 578 172 797 625 604 942 757 106 669 608 448 296 302 679 433 341 410 262 540 777 666 447 477 338 833 949 873 549 47 364 748 260 533 735 41 598 970 870 899 612 23 11 702 520 129 163 438 484 986 781 446 326 8 66 815 607 133 473 361 826 453 844 933 559 280 229 486 458 977 889 92 479 635 214 81 768 84 362 856 226 843 915 332 832 945 623 371 802 585 101 185 243 783 799 155 996 708 43 921 426 72 420 699 184 762 402 90 881 515 265 283 534 947 681 492 911 618 329 285 244 700 712 221 879 572 401 352 7 212 787 716 925 655 313 960 428 818 831 990 222 867 759 28 251 851 403 744 553 263 398 425 264 508 124 825 617 85 311 399 312 901 602 839 609 430 320 745 752 475 404 38 193 880 139 896 845 587 201 995 830 217 232 519 211 510 507 992 293 36 651 555 551 21 690 665 181 775 182 297 393 641 932 387 660 117 790 412 581 444 727 440 249 756 589 765 821 108 675 689 416 146 638 952 97 643 846 317 58 238 731 395 511 988 240 634 496 688 358 76 56 472 112 605 464 649 650 333 148 10 812 32 753 862 874 746 429 87 773 714 137 603 698 687 920 849 450 314 382 574 980 764 455 929 439 566 950 417 893 522 673 575 963 29 53 912 60 886 121 803 273 113 847 462 624 351 883 694 924 268 31 659 876 278 126 59 935 287 792 390 550 334 918 682 250 134 588 518 470 316 476 228 791 677 842 647 763 396 115 286 154 50 443 257 321 142 506 135 119 683 652 739 561 300 461 168 451 513 227 489 593 648 357 579 805 100 600 218 68 958 482 45 381 339 194 628 968 210 411 954 822 42 488 14 140 34 860 541 804 247 282 414 344 269 225 180 543 70 423 147 631 197 141 836 469 576 120 376 215 105 772 156 620 485 104 558 966 706 560 323 692 568 562 868 292 632 127 927 546 887 721 419 611 310 368 973 976 590 379 237 564 407 355 347 491 723 567 468 770 909 384 421 514 705 948 957 405 795 236 61 299 684 978 409 195 360 118 22 878 380 258 498 191 483 828 885 437 599 529 203 170 335 164 691 907 548 162 270 993 204 834 505 656 671 309 322 6 737 149 26 819 64 557 481 16 424 998 627 173 188 971 526 281 375 392 622 891 547 782 931 169 174 853 855 722 294 766 459 463 796 718 456 778 254 538 131 654 37 374 256 245 658 74 241 726 884 584 521 480 276 820 786 274 145 179 436 959 570 385 640 670 261 336 728 82 52 235 445 583 46 397 943 206 383 3 144 328 758 83 645 65 869 57 291 613 151 88 565 916 54 77 239 350 975 760 676 979 346 903 709 435 877 363 354 349 15 983 474 413 930 96 167 95 78 953 295 158 657 356 646 91 717 315 779 840 98 693 801 394 715 703 307 542 621 132 841 987 985 18 913 789 277 814 5 835 199 569 571 501 279 823 767 1 663 305 532 267 192 894 234 161 367 563 415 63 956 266 171 136 619 504 906 695 9 596 755 962 160 686 110 926 813 769 774 62 544 176 981 207 298 697 969 255 102 12
256 630 715 502 726 242 237 253 656 932 875 604 504 271 470 390 736 500 261 53 471 926 559 442 768 26 86 796 382 700 227 381 772 81 887 543 140 325 225 677 207 661 58 920 979 695 459 299 816 667 777 295 438 894 746 560 967 958 919 477 228 363 671 398 333 31 923 97 372 852 327 283 788 326 600 717 379 781 427 337 659 497 428 598 602 201 616 929 133 703 762 517 185 556 784 79 690 324 909 719 779 169 937 150 620 913 692 311 411 704 146 648 582 851 111 54 62 984 864 595 3 444 629 846 393 420 377 118 945 819 672 799 229 529 828 7 669 654 127 898 123 935 298 862 102 240 508 204 213 609 916 74 850 360 194 35 965 829 853 293 125 743 6 23 645 413 968 443 75 832 603 810 536 355 903 210 897 306 714 941 843 226 367 33 303 368 361 330 750 590 309 675 841 12 233 168 4 625 277 834 39 562 19 786 569 566 553 467 639 44 697 523 733 223 479 729 815 531 546 655 366 896 425 814 141 362 751 651 155 917 824 578 617 727 574 480 957 84 721 394 364 162 184 78 341 392 918 947 541 180 836 514 962 790 880 205 323 978 633 519 433 989 637 886 682 373 59 866 856 662 130 915 812 224 83 154 17 908 859 417 564 89 269 432 215 70 955 265 518 950 27 218 594 47 526 278 236 983 876 993 28 592 686 771 575 38 971 713 899 344 421 274 270 77 85 40 881 573 5 963 60 665 495 558 884 297 849 134 804 626 747 197 486 200 462 767 100 636 138 680 20 642 196 567 212 760 315 430 415 288 356 144 456 193 806 499 291 132 189 340 818 280 505 255 584 835 997 131 412 925 439 511 878 148 473 579 426 67 262 848 731 401 676 101 289 520 501 753 460 281 312 121 305 702 525 865 238 587 544 453 757 586 69 211 52 57 402 9 209 267 969 860 266 41 448 494 498 761 353 179 583 389 572 914 122 563 532 450 605 374 960 42 776 93 823 346 284 538 186 386 359 741 641 64 990 375 631 171 709 405 802 867 342 509 959 619 533 857 232 82 396 773 976 173 647 191 911 739 176 992 621 871 243 826 973 939 649 825 145 282 158 730 245 797 178 206 68 774 845 734 785 92 698 329 334 752 300 791 795 440 94 568 214 304 863 948 257 737 653 931 547 250 902 475 199 117 115 537 548 153 981 842 380 961 71 222 975 694 664 328 528 316 758 268 449 165 469 827 754 821 88 780 618 142 679 890 879 991 769 318 952 357 322 888 198 319 105 376 435 610 217 73 570 239 953 996 474 166 275 160 48 970 893 108 279 347 718 56 249 705 987 980 977 783 524 119 606 589 577 378 152 596 352 358 995 615 789 611 349 14 338 332 551 701 512 763 576 683 663 770 307 66 535 670 571 99 183 706 87 481 936 139 258 216 296 707 833 104 385 434 195 395 230 658 674 924 485 437 136 657 838 331 506 689 161 285 491 901 883 759 522 466 550 809 457 930 613 904 391 710 418 208 455 246 370 722 50 404 854 252 423 540 895 387 972 956 96 775 638 660 46 407 732 580 800 782 424 755 472 468 36 988 756 308 678 539 25 492 339 581 350 221 516 302 348 80 482 11 241 416 476 63 431 314 264 907 687 830 45 565 447 172 643 483 942 748 666 190 1 32 693 174 744 635 837 446 549 192 792 120 627 723 422 399 877 37 885 103 794 585 371 801 49 429 652 458 839 711 910 688 383 855 628 126 335 803 55 388 634 400 251 30 294 159 354 552 708 182 844 735 351 129 384 874 503 905 29 889 597 451 807 764 668 167 599 724 419 95 345 831 177 869 922 681 813 187 397 496 513 286 561 263 906 290 234 650 188 986 406 793 254 202 868 927 601 542 998 822 301 892 452 107 640 336 994 24 691 928 163 527 515 933 882 143 164 725 91 436 545 900 557 369 465 464 454 135 716 623 219 61 320 982 272 273 820 76 231 247 321 287 128 21 798 940 8 151 343 276 608 13 805 787
189 437 869 15 598 845 666 840 652 41 434 862 429 365 645 468 22 284 386 215 380 443 183 68 887 333 548 103 310 342 886 804 266 610 92 735 44 954 407 196 34 485 717 303 141 279 540 273 822 821 360 390 406 76 65 570 348 898 969 582 131 846 139 146 159 748 499 945 355 52 967 409 802 102 357 572 489 373 555 228 868 62 498 614 829 121 190 830 654 142 63 706 263 43 918 602 169 129 534 549 370 546 112 58 668 2 771 56 688 216 774 14 632 676 441 798 460 973 809 105 539 12 275 724 240 950 568 452 814 212 871 252 99 225 936 528 29 768 213 900 24 596 144 440 75 938 3 416 673 623 806 788 913 765 677 324 45 295 382 820 558 299 810 165 410 807 835 82 930 834 767 931 10 962 26 639 752 472 61 79 750 291 487 991 214 827 268 837 298 195 339 179 187 728 132 663 7 581 949 994 817 84 193 882 130 363 999 309 36 23 634 963 424 756 278 552 59 921 257 935 316 224 899 371 55 192 97 505 67 659 917 585 781 57 151 612 325 267 197 40 425 592 238 77 398 637 332 48 133 288 259 684 675 25 276 500 366 621 587 143 502 625 372 389 741 185 450 301 964 107 113 755 761 71 484 427 691 477 683 667 977 206 522 394 415 292 924 975 725 998 622 888 515 526 222 843 565 504 566 483 318 453 205 293 742 158 305 283 611 234 671 128 934 302 578 89 617 734 98 697 383 135 710 175 147 202 627 628 709 932 857 593 181 272 319 527 218 805 591 586 711 497 746 356 312 674 651 326 354 317 152 32 780 456 536 358 439 126 644 895 217 315 959 790 689 608 364 538 740 454 457 368 642 694 508 155 459 560 182 983 219 512 542 50 769 138 31 695 18 613 42 209 860 476 239 495 91 544 308 20 786 518 574 9 231 760 727 253 172 669 412 233 698 997 80 909 280 87 690 629 630 533 616 564 387 838 588 729 244 714 481 414 908 39 4 943 28 53 379 250 872 520 914 170 445 971 670 894 95 870 90 529 281 569 399 797 411 618 747 438 162 839 580 496 343 124 327 901 812 992 69 455 337 176 813 201 83 374 881 118 346 609 321 643 74 286 603 832 966 161 294 818 961 635 738 478 30 148 583 449 942 251 446 160 13 523 700 329 444 290 442 641 773 352 125 758 491 525 826 511 720 106 640 6 27 955 680 385 418 345 599 451 953 300 227 237 361 792 562 488 897 878 929 516 260 702 265 693 271 336 473 467 116 120 833 987 856 428 486 532 448 662 494 255 754 198 173 890 904 431 479 823 836 978 5 543 313 851 880 242 531 285 759 323 469 436 492 47 54 501 269 704 658 877 33 988 885 554 646 249 359 784 764 782 304 347 937 787 573 952 957 381 306 430 378 737 344 191 210 653 349 636 86 64 180 984 203 776 701 524 631 109 732 236 875 245 537 736 465 140 766 815 93 417 320 156 402 149 119 604 46 733 117 968 123 241 919 852 946 911 297 849 941 785 996 816 435 726 777 905 550 866 681 864 783 377 686 660 447 535 73 204 743 413 296 127 647 619 401 561 397 557 475 178 226 248 902 388 841 842 150 369 96 989 970 396 391 722 703 793 939 328 362 772 947 993 421 353 72 351 685 916 605 11 403 264 567 979 461 100 307 262 656 509 920 277 314 828 865 78 576 575 464 601 392 719 1 367 16 718 874 707 926 844 433 145 594 287 458 624 174 243 157 247 731 338 665 749 597 517 200 51 168 21 462 282 419 289 506 679 37 687 965 779 341 861 712
775 419 652 130 179 139 524 184 933 149 63 870 76 25 218 613 713 603 413 154 830 346 14 338 248 501 741 2 761 168 724 442 120 312 349 521 787 440 532 114 255 183 119 733 209 881 271 133 452 719 987 925 79 932 809 492 584 633 732 695 562 545 949 634 171 661 243 279 752 320 330 105 522 771 826 5 807 75 707 318 135 398 358 935 169 467 520 875 577 441 842 849 162 676 694 245 599 260 102 455 845 292 772 140 954 641 321 653 56 289 26 331 789 176 164 700 666 309 464 649 159 414 415 54 825 811 861 150 284 313 375 914 709 777 250 529 683 416 858 207 950 213 907 249 758 629 278 930 513 934 70 838 759 38 886 49 579 457 12 860 96 636 405 377 679 196 43 351 581 188 445 786 667 378 286 799 314 595 927 619 788 13 273 625 484 722 424 80 533 828 920 428 471 605 233 856 194 81 904 502 968 483 546 90 258 814 30 515 994 681 820 965 316 900 770 972 142 174 302 643 306 795 518 175 267 680 65 582 370 637 91 651 798 593 178 519 802 482 429 355 645 282 768 967 805 151 570 670 991 465 451 790 701 210 715 869 392 567 113 780 369 146 296 62 911 754 372 910 656 704 604 341 850 109 333 202 17 621 136 678 58 39 898 33 735 664 239 784 853 328 609 373 31 36 871 71 597 836 896 816 872 227 615 123 793 630 310
450 360 324 741 177 26 549 813 310 875 770 137 157 207 892 993 903 468 643 612 843 251 114 861 342 102 768 532 646 385 36 132 195 288 8 105 725 539 866 900 253 212 800 180 519 258 573 95 336 201 685 716 356 664 334 865 117 428 916 787 704 807 64 325 873 802 109 881 960 68 984 261 249 761 515 676 59 56 693 588 193 578 872 562 232 899 454 583 208 332 191 41 932 955 758 85 291 490 348 558 485 794 574 173 590 963 773 525 552 526 950 923 668 930 645 647 243 766 660 319 467 54 270 184 609 788 636 165 680 658 220 618 448 396 280 148 274 37 634 568 146 147 764 874 390 113 911 23 648 410 555 870 667 62 70 497 248 284 836 781 362 269 976 234 459 948 778 441 53 514 613 479 247 849 276 25 297 377 522 313 308 298 627 400 58 959 32 638 728 203 888 806 755 376 9 958 823 513 501 210 777 399 653 392 141 393 944 540 605 465 235 47 748 443 273 312 886 226 907 924 241 391 690 599 178 447 661 457 962 640 272 674 100 168 471 678 106 922 306 779 316 832 372 604 670 11 160 289 610 50 371 887 27 18 821 159 52 792 608 919 548 140 422 171 769 335 190 15 67 409 213 469 814 144 879 650 859 92 384 476 327 840 259 493 223 123 596 49 277 851 736 706 655 523 281 388 1 321 894 795 192 492 913 579 438 753 543 434 364 614 440 464 893 733 374 285 5 654 686 78 282 279 998 43 809 697 572 586 326 416 343 405 561 914 466 456 617 854 150 161 991 934 871 204 545 260 451 290 135 205 87 411 600 267 233 949 551 128 679 774 167 835 563 940 415 700 663 211 536 782 139 580 882 783 317 145 931 79 91 537 373 672 462 657 527 910 999 864 547 460 502 84 829 713 727 3 218 606 607 231 751 626 789 965 801 896 305 996 980 856 544 275 112 714 642 257 482 812 516 564 775 957 424 194 446 268 101 593 283 214 521 353 880 803 797 110 442 935 227 649 329 765 651 947 786 355 420 785 200 824 229 121 421 330 412 351 225 236 46 921 142 292 902 408 244 582 202 66 152 992 841 732 389 487 22 17 354 242 906 683 730 905 671 542 299 432 699 86 698 383 598 867 820 196 166 395 20 833 10 271 979 936 853 404 63 125 937 692 858 12 219 954 966 799 591 176 602 594 286 967 2 104 622 945 341 403 926 695 30 918 684 938 331 846 890 240 822 94 295 705 31 569 556 791 187 44 665 370 956 83 429 977 635 973 108 82 156 971 729 500 199 739 688 666 818 566 262 639 759 541 696 641 386 611 589 96
680 990 972 752 172 978 881 830 457 37 707 376 782 351 499 872 259 939 609 287 194 526 85 666 285 944 367 152 585 516 449 112 596 982 788 612 623 987 337 139 999 945 245 751 88 874 910 385 355 547 998 533 6 761 755 779 357 857 160 93 532 118 948 298 856 13 110 14 936 866 909 859 269 495 486 477 931 251 230 163 5 325 827 839 134 170 133 624 402 427 388 381 961 473 69 678 674 560 713 924 403 331 770 472 344 741 922 818 888 984 730 1 783 899 671 686 825 884 34 333 766 672 595 814 294 506 9 471 119 598 143 176 865 665 673 976 57 800 77 366 138 772 345 398 688 644 489 790 863 390 327 463 301 182 179 740 660 262 451 524 443 452 724 929 799 359 894 224 504 968 166 356 583 610 261 307 646 16 793 442 24 320 705 717 780 564 217 854 667 949 318 254 505 322 966 284 925 197 831 914 689 340 953 78 228 283 413 958 792 586 120 549 429 622 568 652 629 643 917 360 912 507 618 964 500 299 957 708 233 122 439
800 376 461 336 575 877 737 730 214 319 377 702 185 432 822 806 87 862 975 59 445 474 820 807 152 692 914 124 668 282 426 130 600 793 96 972 463 965 663 642 224 627 703 104 345 483 247 910 885 848 56 750 386 834 51 810 179 184 838 968 542 708 555 113 835 721 775 757 209 559 245 700 691 751 441 354 859 68 934 188 48 556 741 665 320 262 147 258 803 69 116 160 492 243 159 387 190 173 283 697 287 328 528 605 168 217 537 277 120 996 651 519 369 74 565 367 434 653 476 246 796 840 107 933 901 717 1 129 568 614 33 684 13 109 735 798 350 193 346 959 163 704 886 239 935 61 647 597 15 261 211 427 581 953 756 307 180 923 881 391 294 27 430 867 998 729 321 409 496 958 167 777 172 297 872 324 332 578 937 617 278 411 250 603 290 93 440 943 833 689 906 672 576 192 895 203 963 221 406 970 446 572 817 733 849 127 907 534 315 11 871 830 770 513 610 960 977 921 405 550 450 949 437 612 313 992 705 210 693 713 680 18 451 678 417 515 926 827 636 724 774 629 939 241 856 301 912 206 899 874 272 706 395 338 836 760 265 164 662 552 509 351 920 464 425 781 783 883 75 308 45 79 498 950 54 736 511 601 639 875 368 443 208 481 843 162 973 30 854 908 531 143 794 673 435 49 946 216 20 100 873 922 645 276 378 646 571 256 761 896 448 695 892 84 764 714 497 486 731 394 219 758 832 480 348 404 812 707 28 557 44 841 602 355 347 676 131 310 547 997 634 312 6 821 95 212 17 823 227 868 161 711 936 539 453 888 473 869 506 366 852 623 330 615 85 65 465 201 439 25 455 686 257 309 499 396 884 573 122 379 300 814 466 903 980 759 144 101 966 145 942 115 70 344 712 500 154 401 83 293 656 683 586 585 818 641 21 198 383 76 416 598 574 364 652 357 199 808 878 148 447 171 335 954 92 945 34 762 567 35 765 558 384 60 236 523 938 472 266 986 8 594 222 14 532 969 805 318 940 488 661 618 403 501 666 599 591 156 918 561 292 520 191 734 738 457 295 302 303 408 608 314 913 516 766 63 177 110 72 5 31 306 2 89 619 274 861 549 155 360 462 119 183 289 795 538 905 596 767 809 860 530 482 102 932 753 924 592 361 674 526 545 325 780 589 284 776 146 195 137 424 449 967 529 410 649 82 613 690 675 995 71 9 632 66 816 518 577 620 815 813 514 626 331
334 270 428 882 716 284 864 967 456 726 384 250 604 117 402 701 330 778 854 506 911 880 158 575 358 690 600 261 311 321 215 708 7 853 889 676 969 572 799 19 528 700 365 319 659 50 124 780 545 702 961 760 660 153 979 200 397 400 273 368 85 867 607 375 254 88 36 430 608 563 295 502 597 244 172 822 678 22 811 370 154 100 159 277 730 699 767 87 264 816 204 635 54 615 743 116 785 280 579 985 177 61 490 901 329 98 481 614 955 461 279 742 558 954 315 78 438 886 584 511 860 442 847 779 328 84 157 638 474 924 151 132 57 186 809 332 455 440 239 89 841 802 71 894 994 683 472 838 194 724 86 115 904 713 286 267 963 207 121 363 514 268 483 406 59 830 601 253 858 818 619 631 613 469 758 834 605 566 577 719 945 621 656 64 541 980 257 495 505 380 142 840 745 515 432 118 890 696 202 75 525 747 404 740 875 559 325 537 449 930 720 448 804 737 714 513 707 629 457 824 252 677 305 8 79 147 842 347 731 108 146 241 657 856 684 486 763 278 617 387 723 517 989 435 794 2 609 807 669 982 895 722 826 422 640 259 757 60 230 453 668 353 562 287 884 225 82 390 320 554 877 899 49 359 190 43 594 687 568 18 932 12 53 30 388 863 301 114 893 224 324 205 836 686 565 736 926 113 870 567 927 409 385 522 773 936 166 312 680 888 112 450 857 489 383 340 581 941 503 580 327 143 407 97 68 805 585 123 789 753 923 25 881 782 819 550 47 3 21 524 128 317 134 149 129 427 837 777 386 599 304 243 178 162 471 535 820 318 139 956 396 512 784 530 770 356 947 381 518 671 672 228 125 135 212 865 995 83 411 611 900 462 308 475 848 681 443 9 592 874 425 968 398 868 765 63 62 214 360 361 896 813 796 519 345 276 832 595 282 367 331 990 248 297 583 188 962 626 663 920 183 500 423 764 570 610 27 300 560 762 150 136 290 458 203 77 52 310 642 957 341 90 725 451 313 925 582 466 245 905 975 350 987 903 539 499 395 34 547 174 247 5 283 148 831 902 885 625 94 339 281 775 24 173 721 338 171 976 907 661 102 914 623 351 744 13 234 705 454 323 643 302 494 127 231 504 119 48 795 850 771 509 649 220 754 591 58 473 229 76 972 827 269 31 651 459 99 983 191 221 783 418 873 538 376 953 192 426 209 355 326 788 942 823 420 806 288 69 238 653 589 401 211 349 769 184 602 717 232 906 208 39 213 74 691 240 768 510 272 485 405 199 155 828 181 750 662 107 465 733 307 56 4 931 632 72 362 812 416 44 752 160 529 17 664 908 452 852 542 309 437 569 292 260 467 446 959 110 647 460 944 734 138 648 666 898 573 618 197 206 179 984 219 977 37 654 175 161 728 939 344 872 176 389 81 479 695 940 787 612 424 266 981 596 196 935 814 603 16 751 772 364 574 55 556 28 859 109 633 144 561 193 897 938 620 371 999 293 641 187 798 844 516 508 419 496 403 289 299 393 918 917 226 249 491 658 667 96 552 839 803 29 776 551 521 410 851 477 377 711 165 210 70 357 986 20 233 23 95 408 130 15 821 480 732 883 749 793 670 399 218 622 236 593 168 373 887 140 876 336 198 38 532 93 665 275 598 553 688 817 950 689 227 180 808 845 314 369 255 164 546 710 441 189 536 951 738 482 679 379 871 862 348 274 145 759 414 774 92 492 352 185 800 463 606 169 342 741 285 998 431 11 256 735 223 26 131 829 306 946 855 122 866 296 51 704 846 543 869 201 501 948 322 45 484 988 476 929 394 170 294 372 41 251 652 703 335 526 576 378 237 263 439 429 66 965 639 815 909 32 921 548 910 636 915 627 697 101 587 493 65 912 694 520 655 291 497 974 111 755 916 706 712 73 258 616 35 10 271 133 630 303 346 413 106 298 928 246 126 533 970 792 590 797 571 523 391 105 498 42 958 195 316 801 137 540 14 892 464 46 333 417 182 433 964 673 374 685 487 564 692 843 152 943 588 470 262 756
176 529 456 330 608 386 621 547 243 894 367 717 28 212 752 935 996 775 504 436 193 32 391 144 747 248 418 533 694 912 523 774 864 969 61 865 452 741 126 403 457 468 6 750 44 764 907 111 55 853 607 809 16 766 275 586 398 885 502 214 734 273 553 641 29 953 152 638 920 677 526 110 327 429 745 661 455 784 672 14 874 475 778 964 10 449 237 402 157 142 636 340 882 879 670 637 458 691 301 439 366 24 329 259 962 198 878 196 314 482 182 870 572 117 473 104 976 580 65 109 331 168 324 743 380 589 581 868 803 951 606 310 166 579 705 40 987 218 693 219 794 27 299 21 224 70 240 105 823 707 788 119 660 795 133 122 26 395 829 146 895 5 793 989 943 614 369 740 81
795 263 93 417 391 54 81 186 514 595 378 989 608 73 45 334 505 74 755 288 71 816 108 433 572 157 584 862 31 714 954 510 481 410 396 769 929 130 932 191 616 456 243 7 678 166 299 87 233 438 557 135 772 251 150 871 394 235 984 372 583 520 999 662 964 613 113 579 851 894 639 921 730 908 939 727 179 899 781 834 666 641 139 453 408 110 696 450 489 1 860 440 144 736 531 604 33 997 326 347 797 409 386 936 147 798 102 447 300 425 957 625 295 668 671 83 165 236 737 479 843 477 493 728 582 494 878 732 672 632 187 836 788 413 944 343 428 930 330 335 47 382 182 27 250 269 387 3 699 403 356 767 254 277 776 502 869 793 75 859 880 846 924 259 593 739 556 339 812 602 697 298 524 768 889 398 543 682 16 435 940 265 789 219 177 321 648 17 719 285 272 278 838 124 571 951 800 521 963 315 612 482 461 180 324 247 664 487 143 357 744 420 167 473 952 874 686 65 495 937 48 245 698 237 603 529 890 991 106 801 844 255 197 900 64 36 782 619 499 291 624 633 824 508 69 763 760 58 516 722 523 742 388 230 700 109 958 819 451 184 418 547 805 29 331 421 970 353 351 873 431 281 162 152 586 402 766 297 503 597 341 384 361 790 546 610 8 849 990 758 159 133 691 217 810 37 163 794 765 395 88 276 55 78 773 764 397 367 701 174 770 868 922 318 695 879 22 111 919 349 528 623 692 942 80 68 840 354 920 808 634 286 645 415 751 404 992 154 268 213 875 977 804 340 319 38 978 946 757 820 573 40 592 72 588 161 214 506 780 292 459 511 329 92 231 576 472 702 809 32 993 308 240 445 61 904 249 948 325 680 540 468 234 137 132 134 368 107 837 512 127 661 196 498 560 761
615 746 281 559 898 855 436 600 745 582 602 624 722 718 857 664 778 263 366 7 350 930 905 878 853 4 732 522 839 781 939 95 787 978 390 729 484 456 60 229 337 810 889 647 56 365 611 823 40 470 612 997 329 492 564 603 28 184 836 393 999 531 45 404 180 673 956 538 181 943 934 987 53 6 957 524 467 433 616 398 758 396 985 625 9 361 97 948 976 351 90 703 592 515 593 21 115 293 248 59 888 431 448 807 119 294 411 416 876 289 455 741 330 388 686 378 99 475 72 821 389 107 446 608 946 632 630 333 223 867 595 967 604 308 226 19 139 425 698 48 874 477 414 63 519 814 334 687 728 832 721 253 572 896 819 168 278 440 486 713 185 563 233 259 678 83 236 282 619 385 650 267 114 766 204 375 941 908 134 232 156 622 290 24 136 362 683 20 609 834 645 258 338 148 689 406 906 497 471 311 374 182 368 910 506 51 377 634 982 733 505 155 478 527 292 988 880 951 805 442 228 116 252 127 197 601 598 326 885 617 694 465 772 530 623 521 659 912 165 873 73 700 860 195 613 304 972 31 783 809 210 980 899 397 339 984 269 863 638 194 217 354 765 147 981 869 719 788 15 211 463 848 950 570 208 464 949 128 76 962 754 120 533 884 583 937 993 903 845 163 250 235 911 597 241 113 705 196 494 153 179 916 551 188 483 518 62 837 300 287 560 536 320 938 381 631 260 662 865 573 801 112 314 697 752 901 881 846 875 915
521 308 88 747 645 848 421 149 603 328 125 300 248 343 472 629 842 347 574 210 366 608 973 854 957 312 680 189 825 782 501 8 469 390 461 704 398 241 843 274 495 623 839 250 268 153 845 267 978 817 359 958 431 815 12 865 654 219 987 889 451 409 917 391 361 960 896 563 544 761 387 600 20 284 327 705 190 576 773 310 411 527 197 54 441 752 806 800 814 17 792 129 422 876 683 834 589 789 179 613 77 493 686 400 709 389 307 374 921 109 482 713 618 34 242 52 293 18 369 363 193 183 602 466 217 897 511 229 111 410 325 423 317 124 203 512 335 270 826 354 452 37 695 530 122 706 828 598 143 873 375 992 357 331 45 929 440 748 916 624 606 84 970 233 517 334 492 367 39 36 643 999 470 573 50 275 656 16 750 988 568 428 793 96 427 562 47 533 818 892 616 902 768 480 478 869 415 811 321 905 633 982 519 186 292 923 283 486 3 609 764 956 344 762 21 181 370 222 419 619 757 891 14 534 646 395 986 27 784 102 26 155 676 959 701 859 69 22 772 963 336 886 698 888 311 572 333 899 941 614 376 930 617 426 280 60 418 142 491 507 795 724 779 652 433 518 564 92 699 340 783 74 2 214 277 473 883 861 356 822 995 146 399 697 913 87 575 260 844 499 61 677 114 346 737 309 506 954 147 112 702 394 938 68 813 620 949 110 621 684 184 6 996 227 19 194 240 262 547 932 160 944 353 230 520 315 355 810 625 582 885 11 413 824 131 690 729 135 781 581 788 514 875 104 872 566 874 296 64 726 75 269 723 93 526 140 730 721 246 38 536 803 804 739 85 225 553 287 261 170 689 688 95 760 121 25 548 178 561 78 841 385 915 983 651 116 152 948 396 167 522 118 205 777 821 350 117 467 425 969 128 235 974 249 961 979 10 424 159 638 476 796 673 555 516 870 151 685 397 550 420 664 66 546 554 299 658 809 201 464 403
114 630 177 164 512 327 716 773 460 1 394 378 510 310 682 486 370 506 955 284 600 642 733 391 915 942 48 878 663 934 191 785 333 594 33 143 809 640 207 264 758 651 30 422 184 968 662 549 856 743 913 275 251 629 290 450 513 869 959 782 822 479 555 655 43 514 484 70 58 318 167 339 786 775 944 791 482 560 729 975 230 801 805 86 508 332 100 26 554 356 258 46 522 357 751 930 49 434 991 695 988 681 951 547 992 67 747 903 871 40 452 292 850 213 16 546 853 417 383 71 677 826 168 461 80 431 788 53 847 22 849 926 606 20 347 362 135 882 894 51 249 55 837 12 940 531 814 708 705 130 300 536 592 892 616 645 689 483 931 467 399 405 471 326 187 669 176 787 215 717 223 361 823 880 589 738 962 220 578 280 639 605 453 876 948 896 27 757 35 798 64 499 192 511 936 259 145 950 741 139 93 91 873 170 631 582 328 830 78 517 862 287 973 209 373 790 692 402 638 14 920 104 977 36 674 443 591 884 794 737 195 42 183 489 350 969 807 874 505 342 596 683 488 161 496 753 23 50 727 210 208 831 532 545 47 348 10 911 232 360 626 776 552 301 667 472 584 579 762 650 923 418 244 902 57 612 563 693 632 504 769 971 247 393 68 81 410 270 5 795 983 963 15 697 538 556 872 97 994 981 724 905 928 132 744 229 182 908 63 273 879 953 118 628 528 967 354 368 745 736 610 886 921 615 455 933 336 457 358 718 142 834 664 473 127 998 163 200 69 406 101 509 98 313 335 647 901 789 543 542 369 25 433 338 155 760 75 234 262 844 835 622 439 217 172 124 851 949 254 960 375 175 140 828 131 304 401 859 307 643 987 700 985 24 427 149 551 819 888 84 306 381 77 197 13 238 236 679 935 113 459 340 279 205 571 146 416 550 444 480 475 390 62 813 696 904 179 463 922 314 286 194 329 469 946 436 265 160 601 609 976 128 595 966 367 231 797 958 219 377 989 440 548 380 812 617 711 588 598 257 750 430 635 99 345 73 346 840 979 261 972 363 637 376 660 654 407 477 759 870 202 900 766 507 248 445 544 779 891 493 735 222 918 910 539 534 713 83 802 526 171 103 253 841 566 603 250 151 446 470 575 428 804 889 252 426 28 198 860 276 621 530 698 995 186 800 672 811 854 964 228 269 325 810 296 678 122 156 912 412 604 704 954 29 956 466 978 537 961 18 432 567 188 297 263 734 607 85 821 487 31 684 778 76 653 180 557 274 583 119 686 498 268 372 817 553 82 623 6 411 359 932 162 952 425 815 673 8 224 925 456 110 320 260 593 491 157 291 494 668 237 881 396 178 289 701 687 725 451 535 838 764 309 152 721 133 59 311 56 190 755 839 136 218 385 970 11 832 2 580 523 181 92 408 199 278 424 423 767 382 898 714 756 65 984 474 518 865 763 784 699 749 485 739 919 235 341 17 281 392 855 666 420 240 415 728 421 414 997 189 576 945 618 570 216 295 569 123 792 245 96 79 66 646 478 938 233 887 867 316 138 748 449 781 777 845 657 719 515 144 633 308 768 492 661 796 799 221 659 112 836 90 780 909 169 364 843 272 999 495 986 613 939 974 324 501 294 868 476 694 875 490 465 825 608 864 861 111 464 397 574 924 109 783 754 816 652 214 267 957 619 937 429 863 965 153 442 895 201 906 353 670 203 824 7 572 996 833 409 454 521 893 61 565 129 174 858 115 740 3 285 771 691 441 627 752 185 225 803 141 204 726 379 116 321 398 88 315 9 625 330 720 690 611 120 137 246 620 688 266 468 388 337 387 914 386 147 52 283 277 344 89 148 520 293 765 885 846 916 564 206 323 41 438 877 349 680 577 319 573 403 746 525 793 196 982 732 4 384 500 808 658 675 458 343 883 715 624 761 774 541 317 173 19 497 312 32 334 927 125 462 60 352 72 44 54 108 685 371 159 365 917 95 158 38 527 105 770 947 437 448 355 827 226 299 227 829 742 524 21 413 899 121 540 419 842 211 302 502 256 533 447 400 848 599 39 288 980 723 106 351 702 731 722 241 34 166 671 614 271 703 941 117 282 712 558 586 648 581 94 806 636 665 772 503 634 74 820 641 990 239 389 481 561 707 559 255 102 587 305 366 87 857 929 516 331 435 37 193 709 602 243 866 212 519 242 676 644
729 681 365 133 495 13 750 964 811 183 668 407 472 405 561 255 756 35 163 704 257 868 261 250 877 541 863 292 820 981 397 248 417 826 608 230 139 533 621 448 320 976 928 188 783 83 374 618 656 466 427 450 140 483 98 451 10 311 685 22 474 724 544 683 689 90 158 169 235 711 532 836 543 686 697 866 620 910 101 396 71 898 918 63 785 795 212 594 644 370 987 914 628 156 950 735 539 835 825 552 181 641 460 979 59 34 117 441 612 490 430 556 501 329 693 721 39 614 213 838 815 361 791 176 632 134 869 200 749 831 375 94 5 994 401 572 522 951 145 953 477 305 680 502 408 852 890 348 308 523 7 996 280 355 864 610 296 840 325 553 32 367 637 880 187 463 743 970 136 226 168 710 550 664 789 369 309 321 455 676 640 3 494 385
567 792 214 131 749 379 726 946 832 143 924 922 425 671 657 821 804 884 639 896 385 964 256 712 152 248 793 363 778 509 967 220 331 392 595 834 860 96 678 251 409 949 128 701 933 755 23 355 902 82 260 530 255 45
960 933 370 58 417 248 554 474 178 82 161 568 773 128 662 857 270 138 850 56 251 299 192 229 526 858 343 283 277 79 899 477 48 145 533 406 481 3 372 573 742 713 452 716 28 854 262 664 707 213 250 602 284 369 983 698 109 965 65 166 856 382 193 396 603 690 930 613 239 398 910 397 952 469 909 430 24 872 541 46 944 515 859 232 500 658 314 889 785 709 60 956 901 6 491 870 684 518 480 444 344 735 189 471 184 652 919 972 186 990 597 847 666 154 376 187 895 47 918 136 320 582 307 19 540 943 627 945 61 51 388 681 267 834 233 757 110 380 368 8 660 162 991 9 807 329 555 794 352 646 722 53 725 1 988 22 888 647 312 512 928 584 377 891 924 811 687 478 125 240 615 346 14 614 599 259 728 142 950 434 717 677 431 611 883 964 619 324 147 845 276 69 278 107 547 206 650 912 639 649 118 593 183 427 241 340 108 979 462 130 506 274 304 877 308 16 415 676 701 332 404 625 27 575 387 318 831 203 798 851 769 621 209 394 898 84 571 180 927 64 504 633 661 585 765 737 753 499 111 962 995 747 814 342 174 886 309 644 799 670 39 170 513 875 781 835 861 266 999 459 586 738 105 826 801 748 49 271 208 963 887 150 207 774 581 793 973 704 301 98 739 458 932 777 848 94 435 11 578 200 675 961 730 824 153 196 837 159 191 497 356 245 693 795 91 993 280 864 26 194 489 699 519 998 158 433 122 902 726 135 286 984 779 792 353 449 35 516 958 708 689 846 786 913 997 808 822 347 672 221 374 57 327 829 349 466 783 719 654 502 569 949 461 152 537 216 175 258 363 994 617 293 922 4 173 561 389 557 954 102 446 815 31 83 669 761 90 936 41 817 986 830 350 325 348 378 292 227 881 255 678 948 97 770 144 32 295 440 217 907 641 510 505 71 228 402 521 265 628 971 321 501 290 695 723 210 242 76 825 43 88 980 981 157 249 764 565 291 790 10 868 567 222 556 959 411 772 534 165 364 538 156 42 803 630 486 744 297 598 218 300 766 205 607 724 844 760 562 609 302 55 691 720 63 215 383 626 624 768 236 164 268 714 906 30 685 455 13 361 45 100 558 631 853 893 52 552 392 367 273 946 21 706 828 940 532 420 386 75 926 703 37 528 428 62 551 588 475 967 694 629 103 405 33 890 140 750 93 453 87 992 424 99 903 252 905 77 2 315 637 711 384 168 925 319 496 337 632 38 535 671 468 880 989 375 782 563 331 495 95 955 188 464 336 696 819 579 379 620 832 976 542 401 426 359 852 862 448 606 752 763 570 755 373 867 957 149 306 743 544 54 938 855 667 335 622 536 942 576 199 653 587 869 878 454 715 365 40 80 645
59 158 427 476 943 534 451 77 183 693 662 581 968 15 21 917 841 984 17 62 749 241 516 324 767 792 897 545 773 465 153 270 481 952 450 901 502 293 612 2 424 10 480 878 787 997 16 443 433 196 302 231 562 119 40 714 521 266 296 102 904 948 320 224 68 960 44 366 319 758 474 195 784 789 909 556 326 596 741 903 788 799 939 215 312 497 315 125 720 930 323 650 156 938 913 694 398 642 835 905 264 605 348 843 124 22 39 810 551 932 379 129 485 363 193 567 994 926 272 615 85 239 529 492 879 280 52 624 177 255 192 983 658 665 559 27 847 499 475 778 152 686 459 173 912 63 36 951 130 891 736 620 594 383 245 986 775 265 846 219 171 695 244 291 840 30 747 139 895 238 700 20 209 893 727 616 114 412 725 478 755 623 956 962 613 805 233 627 375 388 575 818 399 468 842 923 959 639 322 301 76 71 131 752 533 710 802 349 592 55 103 19 369 441 471 599 289 518 197 423 74 151 557 164 467 622 837 190 26 445 495 663 401 198 657 722 283 754 740 774 304 949 250 821 935 42 309 845 60 967 574 743 56 523 3 822 345 166 742 143 311 919 985 540 7 717 199 974 48 122 489 483 646 827 226 954 340 936 242 995 505 116 659 525 721 589 969 126 680 205 976 31 920 550 593 414 458 728 87 446 591 106 571 757 819 992 391 887 676 584 876 512 258 150 704 416 648 910 991 907 883 439 783 461 263 978 501 889 373 687 225 306 91 746 278 528 981 92 230 806 135 918 216 204 354 201 469 185 146 305 600 6 406 400 699 924 915 175 376 235 228 210 881 560 339 772 785 95 50 206 944 232 149 53 733 1 249 861 47 734 696 159 990 782 626 127 762 144 921 856 13 888 896 328 182 777 630 393 405 681 655 370 877 831 321 922 667 72 875 880 820 790 167 608 548 527 513 57 848 692 941 825 549 779 890 911 906 781 916 257 898 54 899 634 347 493 104 417 276 808 761 421 274 857 460 142 374 243 786 618 671 508 651 456 191 586 279 275 408 247 724 862 632 490 253 218 868 449 94 397 572 873 931 796 134 259 390 140 378 863 510 566 958 977 261 420 419 361 852 436 715 555 418 277 45 726 174 161 234 346 828 202 186 989 498 565 327 617 355 503 813 610 479 690 637 403 37 537 5 360 365 213 482 318 855 69 702 853 564 386 64 358 268 112 635 297 858 598 759 530 678 794 377 107 689 552 83 237 67 34 273 188 609 99 100 576 849 963 860 367 597 491 522 709 653 300 633 132 961 331 9 194 330 640 684 284 707 578 350 706 402 685 455 871 407 780 814 654 438 669 473 89 753 731 336 708 303 966 705 519 58 764 313 506 442 750 925 538 950 770 236 542 869 683 356 817 32 830 240 484 573 43 711 212 75 488 437 431 601 748 946 645 641 928 389 797 168 24 368 701 872 546 590 957 80 882 380 298 553 832 200 496 371 677 670 470 343 120 110 316 396 894 4 211 999 38 570 661 18 964 507 338 798 812 137 826 500 411 353 447 703 108 745 28 638 607 335 189 763 453 410 666 290 996 364 836 865 115 851 49 739 325 184 252 246 980 128 428 672 625 509 332 953 462 463 945 712 292 248 341 751 807 558 816 208 892 729 352 900 41 675 308 859 314 82 532 583 760 187 430 504 180 947 357 864 359 603 850 972 229 472 310 606 178 595 823 394 691 804 222 682 585 344 435 768 795 629 260 342 96 582 908 839 11 800 426 176 262 514 65 579 93 801 769 580 737 105 719 723 927 776 674 554 588 756 214 547 568 541 111 422 181 975 207 172 162 524 220 993 636 251 429 269 221 660 940 118 619 14 288 988 647 70 333 829 987 487 79 735 833 35 299 673 413 409 415 718 285 217 86 809 286 66 732 155 824 698 372 668 744 937 81 434 697 141 295 136 520 123 147 117 664 23 874 713 351 730 425 113 33 179 563 982 254 543 223 90 395 457 337 109 791 78 803 97 404 46 256 738 440 544 526 771 765 385 452 448 644 464 8 602 766 101 157 955 933 329 611 971 811 486 998 334 382 61 494 886 384 870 165 387 267 362
571 389 333 11 828 422 764 433 41 938 337 176 304 982 48 608 611 514 717 618 240 575 816 299 60 252 52 420 360 131 655 859 446 33 673 651 747 53 998 758 405 113 749 563 75 121 534 393 165 729 313 669 989 681 154 800 150 388 140 105 862 92 912 965 724 830 819 90 593 479 288 647 714 909 648 752 814 505 110 211 861 442 910 896 406 246 684 271 207 694 432 168 444 370 26 931 85 32 189 356 583 506 557 94 323 990 100 757 715 696 737 38 498 399 349 922 447 73 225 244 241 262 14 471 71 686 818 12 198 125 712 177 791 410 957 565 332 693 139 236 917 612 602 327 379 824 118 351 934 107 385 803 925 268 562 120 935 511 900 793 827 287 465 63 652 382 277 848 281 396 492 620 167 183 991 783 424 846 826 144 607 97 832 491 719 670 929 419 23 39 369 568 569 359 629 668 186 720 270 622 902 425 255 394 472 981 376 581 353 266 721 42 123 812 661 1 970 62 939 346 59 613 485 340 499 86 174 638 187 782 65 810 222 548 626 324 598 841 625 705 35 91 128 461 302 188 663 428 296 790 157 3 249 710 869 515 761 572 347 779 294 899 672 605 357 159 400 148 974 986 579 702 278 908 595 285 507 542 650 924 756 463 477 443 15 704 566 102 890 619 381 137 840 775 254 868 437 546 864 516 962 185 390 920 450 955 325 169 907 963 742 143 641 519 503 223 586 19 371 276 582 528 352 22 335 980 203 194 251 451 987 473 427 915 297 558 718 361 319 106 643 744 6 220 226 723 248 914 197 321 623 866 738 667 973 8 822 792 259 880 614 109 209 701 523 47 549 727 175 601 561 881 54 21 231 691 883 911 675 799 680 948 202 89 590 431 289 736 341 228 441 130 954 656 967 928 878 870 489 530 467 755 882 350 439 664 813 642 464 348 133 588 380 81 627 794 173 272 815 328 903 199 741 971 585 633 426 460 787 772 854 111 603 550 213 631 210 953 959 687 329 649 801 988 82 873 552 504 913 802 707 730 884 421 145 435 214 540 429 574 621 51 497 126 660 808 533 888 496 283 440 576 592 386 454 83 537 311 401 267 331 409 518 867 997 161 5 119 975 480 532 232 124 784 72 860 282 235 237 994 765 436 215 49 773 227 587 777 354 945 644 16 541 759 57 378 403 517 208 170 630 180 375 74 753 317 280 845 829 610 596 616 70 96 624 875 476 20 10 338 383 4 708 852 892 785 230 688 636 609 508 837 365 171 136 195 976 466 781 972 697 996 774 179 457 484 665 898 263 367 55 834 695 362 28 156 30 24 865 216 858 946 146 769 876 871 448 363 856 305 543 201 855 172 886 823 339 483 142 525 229 847 64 952 56 844 397 494 310 46 940 307 839 743 224 689 469 434 943 645 93 520 833 470 487 544 526 239 112 402 676 80 404 284 290 116 18 535 897 300 674 127 147 298 372 260 979 453 750 751 373 885 412 635 713 617 2 387 258 206 384 985 725 108 242 45 993 949 219 863 937 182 196 218 84 788 604 685 204 141 877 983 101 698 849 292 217 17 795 682 842 690 67 326 567 964 115 364 950 151 500 577 754 634 640 234 513 522 25 570 789 932 639 944 646 343 835 786 162 599 257 58 968 200 293 301 628 807 501 527 190 87 658 205 261 961 978 969 711 510 771 780 679 733 930 336 416 152 770 960 158 221 34 238 413 919 98 809 699 798 417 740 766 478 99 927 66 637 273 906 659 418 872 155 921 265 821 163 415 895 836 918 438 584 923 762 746 555 502 482 490 995 274 149 556 778 358 459 992 559 295 192 509 495 936 941 666 768 256 956 597 553 423 531 264
287 745 846 567 504 789 308 211 974 535 803 686 221 302 376 144 293 522 206 109 96 488 280 238 764 451 663 131 423 186 898 690 617 655 487 44 43 844 203 47 947 49 87 100 245 411 515 758 687 855 618 700 157 276 397 573 364 839 963 439 540 32 145 738 566 17 763 10 165 702 538 503 125 824 682 404 967 893 210 851 880 182 786 641 453 754 526 102 989 793 79 274 954 571 674 114 579 208 562 2 552 119 290 323 894 610 240 712 606 878 470 626 226 429 533 111 811 231 23 922 489 159 50 821 130 539 215 236 987 334 806 715 680 143 425 678 135 633 554 393 949 20 462 309 457 169 89 410 312 267 581 564 256 981 155 928 650 583 61 103 151 853 557 427 977 605 755 549 907 64 262 383 171 584 296 997 845 689 559 368 866 366 569 769 473 591 705 220 632 78 497 766 140 872 328 524 945 651 416 80 255 727 725 534 190 76 82 568 160 611 321 536 183 332 259 201 827 241 455 875 943 865 147 440 14 948 492 852 424 768 578 801 759 914 608 965 783 545 970 870 784 363 153 560 355 15 888 860 37 658 24 592 823 101 12 639 561 985 174 770 18 395 314 757 452 132 85 883 849 375 137 311 688 297 709 799 787 58 838 449 116 176 920 701 621 117 910 760 836 41 99 935 7 798 471 996 42 785 434 196 530 495 714 822 361 896 192 484 273 277 13 805 181 316 134 779 532 418 279 603 514 794 485 204 294 813 315 325 230 923 324 412 722 378 338 129 744 234 319 944 335 869 653 400 1 796 295 649 951 281 697 692 123 906 684 381 580 184 475 507 365 691 118 486 816 863 995 286 72 343 926 170 664 66 588 454 665 494 582 756 956 26 175 864 590 244 673 685 69 570 59 112 421 780 932 304 331 433 983 615 359 835 694 104 458 752 474 958 642 222 628 699 747 438 929 372 75 348 200 254 266 921 911 263 268 185 501 422 107 830 547 976 909 84 162 133 148 595 388 808 482 900 735 594 212 706 11 496 352 253 627 809 108 659 369 988 640 28 498 188 529 73 941 761 979 971 232 362 346 724 668 925 596 964 207 258 528 481 342 465 742 890 531 966 635 505 472 272 643 775 225 450 491 599 576 34 969 283 30 520 934 25 461 432 509 463 729 871 810 288 195 476 723 459 54 385 92 189 261 35 953 558 666 950 662 512 81 46 672 891 345 731 942 136 886 720 247 519 968 168 490 413 399 749 587 419 683 333 289 899 675 620 677 384 394 915 903 696 213 708 521 946 48 952 233 575 317 840 74 502 862 19 27 937 815 282 305 94 814 861 693 373 833 417 912 648 251 249 166 448 329 428 469 426 980 733 358 972 105 645 264 142 820 681 239 574 228 278 508 128 916 825 516 198 149 285 506 9 152 405 301 167 679 284 829 180 908 299 913 548 197 669 313 601 377 6 652 904 936 246 479 812 636 624 214 523 217 219 337 795 483 298 436 713 607 227 401 291 52 177 318 902 39 726 55 21 572 351 444 320 998 403 382 577 357 441 881 250 962 874 743 604 589 973 70 778 876 867 750 895 616 350 565 782 396 619 791 173 931 22 265 57 269 391 29 631 831 353 850 202 984 65 430 698 938 60 77 586 389 892 646 187 703 746 614 248 468 31 370 940 374 807 336 306 500 751 499 327 326 593 917 356 924 975 537 819 36 252 563 51 113 637 480 858 344 340 877 817 199 141 98 740 609 307 741 990 257 223 736 126 33 781 553 88 466 91 718 16 292 435 367 71 179 392 406 625 772 354 122 209 992 629 734 773 676 542 544 517 882 106 847 737 704 437 986 300 717 541 695 644 271 154 110 310 556 638 792 158 164
949 71 245 292 148 860 48 887 845 944 442 433 509 133 129 601 712 69 671 924 932 782 831 329 788 416 456 875 742 409 262 553 868 641 864 827 401 373 993 643 210 567 569 248 82 368 468 903 302 125 551 521 801 55 755 352 396 628 897 316 648 161 394 809 126 197 322 745 63 144 280 683 291 794 692 835 319 146 498 519 15 234 411 42 604 274 630 799 884 780 851 407 398 370 663 964 470 51 844 856 204 241 116 685 134 779 239 320 863 862 149 945 81 766 516 946 572 354 417 961 594 399 193 141 13 201 23 214 397 454 747 119 659 121 298 136 925 434 695 359 238 664 188 491 635 183 447 618 460 517 550 154 728 705 948 375 60 578 918 256 522 493 806 759 219 19 763 464 654 882 953 35 29 503 658 75 299 941 59 817 555 891 309 738 931 980 466 541 520 120 438 876 179 364 718 402 451 406 554 998 667 709 336 758 100 952 529 774 39 196 463 591 45 760 936 973 41 811 422 173 613 489 614 721 111 208 152 472 872 824 502 702 557 873 968 130 865 266 229 282 673 937 106 909 478 296 507 538 914 475 951 848 830 445 818 798 495 400 750 67 916 922 890 765 108 263 524 303 430 534 792 939 185 90 929 646 32 680 323 858 294 301 28 746 441 284 225 10 419 215 110 166 552 586 977 68 985 636 334 235 286 927 410 137 194 637 287 599 536 505 828 997 432 785 145 559 490 486 545 242 724 617 548 905 439 167 150 535 473 610 6 192 20 218 676 7 40 157 304 653 770 135 768 708 620 62 904 810 528 988 715 665 313 570 474 308 487 440 17 429 358 307 972 312 105 694 940 696 392 784 85 681 919 579 379 655 861 117 707 122 938 593 278 293 917 585 66 452 839 703 156 504 512 959 93 970 764 3 832 26 376 615 283 206 762 510 622 79 912 103 976 795 633 349 587 531 714 223 311 878 956 958 666 588 900 189 25 191 340 115 752 978 461 36 186 43 187 324 687 928 893 182 986 871 597 34 2 332 913 896 743 73 781 819 889 879 783 366 719 966 722 910 813 494 672 273 139 834 661 95 584 306 556 27 457 837 805 207 935 436 769 80 575 365 310
461 513 949 684 567 736 886 438 449 927 242 336 67 514 403 387 231 688 728 565 799 559 850 608 155 69 784 318 980 610 917 746 901 650 7 620 596 508 169 177 773 757 456 385 307 217 674 751 786 847 621 758 852 737 186 146 429 337 402 656 361 891 507 205 137 331 626 654 840 22 766 517 720 859 82 887 382 984 539 641 96 503 841 194 845 192 470 810 154 756 878 876 349 268 741 398 332 807 373 377 114 198 698 998 488 857 524 602 321 987 562 515 877 702 138 588 40 417 179 734 357 161 828 929 548 244 962 642 899 885 139 133 33 530 214 396 42 587 131 869 249 158 569 889 496 368 212 76 149 210 147 31 506 907 735 39 241 109 682 243 9 305 279 704 406 532 573 204 716 880 489 97 311 542 963 499 827 195 558 18 747 211 352 233 345 495 705 188 982 853 589 209 979 583 831 89 490 591 502 61 103 450 196 400 261 903 51 543 486 985 549 80 232 150 655 619 480 366 440 60 237 826 27 872 148 553 571 597 482 106 983 455 220 291 92 830 822 851 824 94 612 580 695 65 527 348 327 437 20 363 721 546 343 112 10 710 256 340 286 418 153 613 561 359 185 119 762 649 498 664 176 434 817 228 855 71 919 686 45 812 226 669 675 13 726 816 199 326 931 916 246 160 201 98 640 250 5 290 873 252 325 75 768 945 617 989 445 797 347 958 372 267 404 753 276 729 966 733 585 802 315 367 287 662 672 401 50 339 511 964 959 871 145 86 709 414 26 219 485 861 635 938 897 322 302 78 776 681 804 172 77 436 718 646 338 423 823 25 427 906 578 801 599 767 229 879 874 657 57 101 164 846 911 934 888 994 999 230 563 519 722 298 240 697 64 299 696 525 383 415 670 910 895 875 759 518 30 1 663 47 221 717 614 466 856 304 234 439 554 335 35 260 56 224 395 320 265 661 303 900 59 605 87 165 946 928 977 294 15 407 791 711 308 257 978 770 992 832 706 128 255 628 166 701 948 632 575 52 376 743 512 356 995 134 678 905 933 408 537 111 365 769 648 520 121 922 271 950 34 85 386 538 954 127 113 772 629 135 254 222 622 411 206 460 833 394 88 582 844 625 750 328 952 723 703 842 667 281 778 818 779 53 739 785 652 849 939 378 44 216 483 215 223 813 691 953 178 679 819 168 346 123 448 783 814 342 898 174 203 935 37 282 775 384 689 862 463 867 713 296 780 863 476 760 374 957 529 19 62 375 451 732 765 262 627 130 191 781 152 235 419 909 699 761 603 247 312 645 132 491 81 771 947 14 422 430 556 136 447 200 263 644 428 790 522 996 143 388 912 272 890 568 639 278 32 864 866 248 836 550 90 182 473 668 547 623 49 141 100 509 399 270 435 330 140 837 38 923 68 540 313 163 932 93 477 566 225 839 598 730 820 913 501 151 159 329 584 607 110 144 183 297 638 535 4 8 433 251 951 798 914 48 865 805 3 551 940 631 115 323 393 344
247 833 839 535 680 990 108 286 490 181 224 284 466 967 875 46 92 867 897 503 966 551 85 322 158 826 906 915 140 275 337 567 14 396 277 922 901 953 561 533 264 352 236 620 113 788 450 428 382 190 471 519 568 981 816 988 718 485 34 777 139 525 921 146 325 760 701 202 636 602 713 112 289 916 828 732 161 248 924 940 462 183 958 106 932 167 324 820 985 902 340 884 676 889 564 118 611 649 982 424 385 438 488 686 145 536 404 797 321 317 4 45 165 767 747 878 456 570 280 847 640 418 341 394 714 565 19 948 955 923 986 371 927 738 784 82 15 895 219 683 150 681 48 957 936 422 860 734 559 304 582 261 245 577 552 164 105 443 193 27 979 176 480 527 57 632 707 353 739 387 177 909 291 900 47 869 301 467 935 258 780 538 976 730 449 647 468 1 941 349 156 138 956 128 222 407 965 39 368 107 409 783 796 918 688 365 583 877 476 633 455 572 241 464 373 868 437 492 444 231 512 173 166 933 861 271 351 185 206 21 232 400 912 121 330 553 653 678 294 613 691 221 148 938 171 88 862 58 506 594 265 834 655 950 111 914 377 785 657 83 356 446 153 672 240 791 65 348 433 637 20 465 720 342 524 513 855 802 864 529 333 359 315 742 300 143 744 871 69 669 903 68 790 283 25 55 249 517 508 216 804 50 262 179 579 759 687 509 781 926 75 789 63 59 963 593 656 255 733 840 648 850 169 197 659 666 482 954 794 962 913 459 292 685 217 187 885 101 558 518 220 562 298 391 390 993 360 677 6 556 807 504 961 223 852 435 745 246 545 546 188 401 124 370 203 403 233 587 592 532 947 123 646 402 364 162 905 496 142 192 934 374 928 925 199 557 723 434 419 894 749 423 997 727 856 56 210 698 601 8 338 413 212 5 452 152 757 9 67 288 554 782 72 319 260 709 510 151 96 376 474 144 78 345 453 693 316 998 430 725 227 585 297 366 652 829 306 426 907 607 383 326 290 750 639 674 61 406 36 439 470 445 89 574 748 746 670 619 630 576 813 81 898 651 350 845 887 710 237 952 493 234 740 310 335 32 495 33 992 528 498 53 134 520 410 635 37 499 699 809 491 497 989 235 825 209 132 793 244 896 858 13 758 266 563 7 808 946 239 849 375 712 486 500 863 90 874 805 817 848 336 163 98 141 822 94 440 779 136 154 599 695 129 201 960 571 930 560 937 977 975 618 942 731 228 919 267 792 694 872 381 393 97 595 2 514 569 806 818 77 774 675 973 589 715 269 835 621 472 888 12 844 40 29 429 708 451 737 980 334 126 765 756 293 722 412 131 282 603 454 910 729 664 642 983 367 931 483 22 23 667 837 573 388 180 515 801 661 295 392 830 399 711 876 432 250 225 625 270 823 130 442 886 511 775 477 182 654 362 853 159 313 717 596 43 974 102 893 987 73 555 522 28 259 344 49 299 170 274 208 716 800 586 530 702 194 54 803 395 831 110 204 448 578 762 104 770 254 764 99 581 811 786 598 626 243 378 873 660 458 157 658 634 502 172 149 854 799 641
