14 9 5 8 25 21 18 20 92 
30 7 5 1 2 38 
38 57 
45 13 49 86 
97 35 12 5 9 26 24 28 77 
40 19 10 3 38 35 81 79 
30 15 3 6 13 14 76 75 
26 49 
74 60 28 25 26 
15 34 22 98 48 
3 40 11 32 65 68 
65 15 29 21 37 49 38 
42 7 23 29 24 56 58 59 
66 58 19 2 27 31 
7 57 92 
61 53 44 3 14 4 11 
88 77 21 10 1 62 
67 53 28 4 10 15 22 
63 24 18 5 42 49 
84 2 10 5 19 12 38 59 70 79 
7 2 6 5 33 31 22 12 10 11 16 
63 56 33 20 4 1 10 7 6 
19 16 2 6 5 11 30 59 61 64 
55 47 32 31 25 15 1 10 4 3 9 
27 11 3 12 17 60 59 56 29 50 31 30 36 
63 9 1 37 28 23 15 14 
6 5 1 4 12 13 25 20 56 45 48 51 49 72 
39 12 7 19 17 16 29 55 60 
9 3 2 24 15 10 63 55 51 
41 3 40 20 6 11 27 77 75 
28 8 7 4 12 20 47 46 43 40 42 
51 25 4 14 7 23 16 18 
41 32 15 1 6 12 10 49 52 51 
77 71 32 20 4 14 5 10 50 
11 8 7 2 5 26 29 27 45 72 
93 27 8 2 1 5 18 16 43 
61 47 22 14 11 2 1 4 41 33 38 
23 18 1 17 10 5 11 53 69 87 90 92 
18 14 13 2 20 26 23 21 65 
93 81 36 5 1 3 13 10 24 19 20 22 
56 40 3 1 2 5 4 10 9 7 6 81 82 83 
29 6 3 1 2 7 10 9 8 20 43 42 41 
3 1 2 4 11 5 8 6 18 70 66 60 68 
31 20 17 12 7 2 1 5 39 38 34 35 
85 36 10 5 9 7 6 13 15 43 51 50 52 
29 25 16 8 4 1 3 40 43 42 
78 58 18 6 3 1 7 11 12 23 41 52 56 55 
97 89 68 43 24 10 1 8 4 17 15 59 58 
72 42 31 14 12 1 5 2 3 4 7 8 24 
13 1 7 6 2 3 4 27 30 36 48 77 
71 15 8 2 1 16 17 18 23 30 24 26 27 
21 9 1 2 4 3 5 26 36 50 51 52 
35 24 10 9 2 1 4 7 8 68 71 78 
29 6 4 1 3 2 9 8 7 15 36 43 
64 25 9 8 2 7 3 4 35 32 41 38 
70 20 14 2 1 6 5 3 4 36 37 40 
15 6 2 4 3 8 19 17 41 38 
17 1 15 6 5 2 3 10 21 29 31 
10 4 2 5 6 17 23 21 19 18 38 
19 14 7 2 4 5 41 37 36 46 48 87 86 
16 10 7 1 5 4 29 26 18 49 47 41 43 53 52 55 60 319 320 323 377 487 486 484 479 
916 511 371 244 25 2 1 13 6 5 3 11 12 36 63 68 69 90 94 98 99 105 104 
671 579 448 267 139 12 33 25 15 38 81 59 41 44 860 
737 496 302 28 13 11 8 5 2 15 31 30 69 82 86 187 260 258 259 
959 725 61 34 31 19 12 10 3 2 4 7 81 80 78 77 84 94 111 110 137 140 139 
939 814 206 87 36 20 5 4 2 52 51 50 133 134 307 304 424 426 607 
265 211 184 26 7 17 36 37 41 59 80 150 315 318 395 
968 452 279 131 54 33 15 8 21 66 63 93 163 725 
22 10 21 391 149 109 24 61 43 32 28 25 180 359 897 
293 268 219 94 9 90 39 31 466 369 368 367 385 407 389 
334 286 16 12 10 6 2 5 26 47 79 88 86 82 182 181 213 527 
945 883 393 33 23 4 2 9 6 7 20 35 36 65 63 64 137 136 
19 16 8 7 6 4 35 30 31 36 70 69 147 135 116 113 108 107 109 128 125 122 123 124 
520 362 297 142 113 10 4 2 3 8 7 12 11 14 15 19 38 47 46 48 219 615 616 
363 173 101 48 35 30 19 10 9 4 26 67 500 499 572 629 633 634 639 638 
97 30 22 20 5 1 2 9 6 7 46 50 102 129 128 270 264 268 267 266 584 583 578 
609 292 227 223 175 49 30 9 4 2 1 12 15 20 16 18 19 92 97 96 94 
471 394 71 56 16 13 2 4 3 79 84 129 128 130 150 155 
89 80 27 24 19 2 1 11 8 7 6 3 5 64 63 62 206 207 236 235 234 255 266 335 336 
256 242 237 53 26 3 1 6 4 5 8 14 13 49 119 120 142 143 151 177 349 348 351 
189 15 2 1 12 3 10 7 4 6 5 46 53 54 157 200 248 247 679 703 
775 419 130 63 25 14 2 5 12 13 33 31 81 90 91 273 284 282 
450 360 324 177 26 8 1 5 3 2 15 12 31 41 37 53 47 43 46 44 
680 172 37 6 5 1 34 16 24 133 119 120 122 318 793 792 
800 376 336 214 185 87 59 56 51 48 1 33 13 11 6 5 2 25 21 620 
334 270 250 117 7 2 3 5 4 9 11 10 15 14 62 65 92 109 464 520 623 622 655 
176 28 6 5 14 10 26 110 104 65 70 81 778 794 788 793 
795 263 93 54 45 31 7 1 3 8 22 143 308 319 624 623 
615 281 263 7 4 6 56 40 28 9 21 19 15 113 112 147 153 
521 308 88 8 3 2 10 16 14 27 26 22 25 66 913 915 948 
114 1 48 33 30 26 16 12 10 5 2 3 4 121 199 204 212 216 218 226 227 
729 681 365 133 13 10 5 3 32 59 39 200 226 309 640 
567 214 131 96 23 82 45 595 860 
960 933 370 58 56 48 3 1 2 6 4 8 9 14 11 10 90 88 87 620 622 632 671 
59 15 2 1 3 7 6 5 4 23 34 32 33 97 141 147 200 332 333 334 636 824 829 
571 389 333 11 1 3 2 5 4 15 19 16 18 17 56 64 67 66 84 690 699 
287 211 144 109 96 44 43 32 17 10 2 1 6 27 29 51 66 65 70 71 601 
949 71 48 15 13 10 6 3 2 26 25 85 95 103 308 307 306 332 366 365 
461 438 242 67 7 5 1 4 3 13 15 14 47 49 48 98 101 100 123 814 
247 108 46 14 4 1 2 7 13 12 23 54 61 73 130 293 297 295 364 362 
