20 18 8 5 9 75 54 74 72 89 
2 1 7 5 19 15 85 29 28 35 30 41 70 
57 38 
86 49 13 45 
77 55 39 9 5 26 19 12 34 
79 70 3 35 19 10 16 31 
86 75 49 41 25 14 13 6 3 
49 26 
30 26 25 
22 15 34 98 
68 32 11 3 40 
38 21 15 29 
59 24 23 7 29 42 53 
31 27 19 2 58 
92 57 7 
11 4 3 38 14 17 82 
1 81 62 10 50 21 
22 15 10 4 38 53 57 54 67 
5 49 18 42 34 24 
79 70 59 38 12 5 2 20 
24 16 11 5 2 10 7 35 29 26 31 
15 6 4 1 10 21 27 49 
47 42 33 30 5 2 11 6 21 19 80 
30 28 17 9 3 1 4 53 55 
90 49 24 18 17 3 11 12 27 28 
75 14 1 9 23 15 28 51 
84 38 13 12 5 4 1 19 26 44 60 56 
16 12 7 40 29 19 25 27 35 36 72 77 
40 28 20 10 9 2 3 6 
49 43 27 11 6 3 40 59 
42 33 12 4 7 8 14 29 56 55 53 
57 48 41 18 16 7 4 25 24 
23 10 6 1 15 37 43 40 41 92 
92 50 10 5 4 14 35 33 20 32 
5 2 7 10 9 8 11 15 35 
24 5 1 2 3 8 47 60 57 58 63 76 71 
18 7 4 2 1 43 41 51 44 46 47 
69 53 15 11 5 1 25 18 23 
65 60 55 40 27 21 2 15 13 14 
57 55 35 22 17 3 1 5 29 
39 35 24 17 11 6 2 1 3 43 42 44 
66 4 2 1 14 8 6 7 10 12 17 22 28 25 27 26 46 
95 10 6 2 1 3 4 18 17 34 33 30 32 31 
45 35 5 4 1 2 27 12 16 24 17 20 
52 40 31 6 5 17 13 10 7 9 20 21 85 89 
33 18 5 3 1 8 14 12 49 46 91 90 
65 55 41 23 15 12 7 5 1 3 9 32 85 84 
27 4 1 8 10 13 23 29 43 39 40 42 66 68 
40 30 24 17 10 4 3 2 1 7 54 59 57 58 
48 15 4 3 2 1 6 11 9 7 34 40 
5 1 2 12 8 20 14 18 16 15 50 
38 3 2 1 11 10 7 9 12 15 16 73 84 
20 11 8 7 4 1 3 2 29 24 25 26 28 
34 31 28 8 7 6 2 1 3 4 12 11 66 
22 20 16 7 4 3 2 29 27 42 43 47 
21 9 4 1 3 2 14 13 32 31 26 30 
38 33 29 17 8 3 2 4 6 67 65 
3 2 1 5 6 8 9 16 15 17 34 78 80 87 86 
12 6 5 2 4 16 25 21 23 98 
72 13 12 9 5 4 2 18 17 24 25 28 27 31 
43 15 6 4 1 10 31 34 35 49 81 85 83 87 278 281 289 
902 821 329 326 148 74 63 60 50 48 20 12 1 10 2 3 9 6 5 33 32 31 28 27 25 
691 546 408 92 44 26 15 12 33 149 164 191 194 618 613 
259 30 21 10 5 2 13 12 34 33 56 53 42 39 37 367 372 369 458 455 450 839 
507 139 116 110 39 38 4 2 3 24 13 8 10 12 11 15 174 179 204 205 209 211 210 222 
339 293 260 244 98 2 47 4 23 22 5 9 20 18 62 162 159 
183 150 105 98 41 17 7 26 59 45 216 214 211 220 268 265 
680 217 63 32 21 15 8 54 88 84 156 167 176 265 854 
844 766 742 692 684 429 399 180 67 40 34 21 10 22 32 28 110 114 274 259 255 285 
676 669 548 70 31 9 110 90 94 130 122 209 207 
885 800 280 270 47 5 2 26 6 9 25 10 15 12 16 18 75 96 98 168 176 
99 54 53 10 2 9 7 4 6 34 32 23 108 152 442 436 440 589 945 
681 201 86 48 12 4 7 6 8 27 24 68 58 53 56 162 169 252 389 446 445 449 595 
11 9 7 3 2 4 21 22 26 31 30 35 51 68 69 70 73 74 169 171 170 880 
821 730 4 422 179 16 9 14 10 12 21 29 33 30 44 72 100 363 364 617 627 618 619 
373 351 109 14 10 9 7 6 5 2 1 25 30 38 37 40 123 124 271 272 
805 556 373 119 100 40 36 21 20 19 18 1 12 2 10 4 9 6 90 281 283 291 292 
47 23 17 3 2 16 13 51 56 62 63 71 183 192 344 343 336 392 391 
12 9 5 1 2 3 46 37 26 22 19 21 24 67 123 285 283 284 312 316 317 320 318 319 845 843 844 
787 608 13 8 5 1 3 4 17 19 27 25 26 31 36 35 33 39 209 210 375 374 470 
712 341 289 37 21 16 11 1 4 2 3 9 7 52 57 56 59 58 89 130 132 131 
310 227 123 71 36 31 30 17 14 13 12 5 2 168 164 162 416 414 413 501 492 
96 82 44 31 30 2 1 5 3 9 8 26 25 147 210 208 308 310 467 865 874 872 873 
439 228 122 120 78 24 16 9 1 5 6 333 331 367 376 752 755 
331 82 66 9 5 2 1 11 14 13 15 18 161 159 160 163 243 246 245 702 834 
756 470 262 152 137 46 35 14 10 9 5 4 3 2 17 18 19 59 87 88 
81 5 26 21 14 6 10 29 32 44 110 111 182 196 193 403 418 533 
761 560 498 196 127 107 92 61 32 22 8 7 3 1 48 47 272 277 
915 875 846 801 752 705 697 573 314 112 62 31 15 9 6 4 56 95 115 204 226 416 431 433 
403 201 66 10 8 6 2 3 14 12 18 17 87 92 88 327 573 574 602 600 
644 242 212 193 37 34 32 21 19 4 3 2 1 7 6 15 14 129 128 127 130 131 132 
385 3 369 321 280 168 32 5 7 10 22 13 63 83 811 
45 23 82 251 128 220 131 152 143 379 385 657 
645 199 80 40 38 2 1 13 4 3 9 8 6 24 111 107 108 110 109 515 
362 267 165 61 46 8 5 4 3 1 2 16 21 82 119 126 124 125 130 419 552 551 550 677 681 678 680 687 
264 256 192 163 149 66 34 25 18 17 2 1 10 4 3 5 6 53 52 380 379 715 859 861 
164 158 154 110 106 91 71 16 6 1 2 11 10 18 17 25 26 44 231 453 
310 207 80 73 27 2 26 25 3 17 6 7 10 15 13 411 517 519 
344 329 323 115 3 1 8 4 5 7 9 19 15 18 20 22 211 210 654 756 757 
641 458 157 149 110 99 54 49 28 23 22 13 12 2 1 5 4 85 325 324 322 
